#reader(lib"read.ss""wxme")WXME0108 ## 
#|
   This file uses the GRacket editor format.
   Open this file in DrRacket version 7.4 or later to read it.

   Most likely, it was created by saving a program in DrRacket,
   and it probably contains a program with non-text elements
   (such as images or comment boxes).

            http://racket-lang.org/
|#
 33 7 #"wxtext\0"
3 1 6 #"wxtab\0"
1 1 8 #"wximage\0"
2 0 8 #"wxmedia\0"
4 1 34 #"(lib \"syntax-browser.ss\" \"mrlib\")\0"
1 0 36 #"(lib \"cache-image-snip.ss\" \"mrlib\")\0"
1 0 68
(
 #"((lib \"image-core.ss\" \"mrlib\") (lib \"image-core-wxme.rkt\" \"mr"
 #"lib\"))\0"
) 1 0 16 #"drscheme:number\0"
3 0 44 #"(lib \"number-snip.ss\" \"drscheme\" \"private\")\0"
1 0 36 #"(lib \"comment-snip.ss\" \"framework\")\0"
1 0 93
(
 #"((lib \"collapsed-snipclass.ss\" \"framework\") (lib \"collapsed-sni"
 #"pclass-wxme.ss\" \"framework\"))\0"
) 0 0 43 #"(lib \"collapsed-snipclass.ss\" \"framework\")\0"
0 0 19 #"drscheme:sexp-snip\0"
0 0 29 #"drscheme:bindings-snipclass%\0"
1 0 101
(
 #"((lib \"ellipsis-snip.rkt\" \"drracket\" \"private\") (lib \"ellipsi"
 #"s-snip-wxme.rkt\" \"drracket\" \"private\"))\0"
) 2 0 88
(
 #"((lib \"pict-snip.rkt\" \"drracket\" \"private\") (lib \"pict-snip.r"
 #"kt\" \"drracket\" \"private\"))\0"
) 0 0 55
#"((lib \"snip.rkt\" \"pict\") (lib \"snip-wxme.rkt\" \"pict\"))\0"
1 0 34 #"(lib \"bullet-snip.rkt\" \"browser\")\0"
0 0 25 #"(lib \"matrix.ss\" \"htdp\")\0"
1 0 22 #"drscheme:lambda-snip%\0"
1 0 29 #"drclickable-string-snipclass\0"
0 0 26 #"drracket:spacer-snipclass\0"
0 0 57
#"(lib \"hrule-snip.rkt\" \"macro-debugger\" \"syntax-browser\")\0"
1 0 26 #"drscheme:pict-value-snip%\0"
0 0 45 #"(lib \"image-snipr.ss\" \"slideshow\" \"private\")\0"
1 0 38 #"(lib \"pict-snipclass.ss\" \"slideshow\")\0"
2 0 55 #"(lib \"vertical-separator-snip.ss\" \"stepper\" \"private\")\0"
1 0 18 #"drscheme:xml-snip\0"
1 0 31 #"(lib \"xml-snipclass.ss\" \"xml\")\0"
1 0 21 #"drscheme:scheme-snip\0"
2 0 34 #"(lib \"scheme-snipclass.ss\" \"xml\")\0"
1 0 10 #"text-box%\0"
1 0 32 #"(lib \"text-snipclass.ss\" \"xml\")\0"
1 0 1 6 #"wxloc\0"
          0 0 55 0 1 #"\0"
0 75 1 #"\0"
0 12 90 -1 90 -1 3 -1 0 1 0 1 0 0 0 0 0 0 0 0 0 0 0 255 255 255 1 -1 0 9
#"Standard\0"
0 75 10 #"Monospace\0"
0 14 90 -1 90 -1 3 -1 0 1 0 1 0 0 0 0 0 0 0 0 0 0 0 255 255 255 1 -1 2 1
#"\0"
0 -1 1 #"\0"
1 0 -1 -1 -1 -1 -1 -1 0 0 0 0 0 0 1 1 1 1 1 1 0 0 0 0 0 0 -1 -1 2 24
#"framework:default-color\0"
0 -1 1 #"\0"
1 0 -1 -1 -1 -1 -1 -1 0 0 0 0 0 0 0 0 0 1 1 1 0 0 0 0 0 0 -1 -1 2 1
#"\0"
0 -1 1 #"\0"
1 0 -1 -1 -1 -1 -1 -1 0 0 0 0 0 0 0 0 0 1 1 1 150 0 150 0 0 0 -1 -1 2 15
#"text:ports out\0"
0 -1 1 #"\0"
1 0 -1 -1 -1 93 -1 -1 0 1 0 0 0 0 0 0 0 1 1 1 150 0 150 0 0 0 -1 -1 2 1
#"\0"
0 -1 1 #"\0"
1.0 0 -1 -1 93 -1 -1 -1 0 0 0 0 0 0 0 0 0 1.0 1.0 1.0 255 0 0 0 0 0 -1
-1 2 15 #"text:ports err\0"
0 -1 1 #"\0"
1 0 -1 -1 93 -1 -1 -1 0 1 0 0 0 0 0 0 0 1 1 1 255 0 0 0 0 0 -1 -1 2 1
#"\0"
0 -1 1 #"\0"
1 0 -1 -1 -1 -1 -1 -1 0 0 0 0 0 0 0 0 0 1 1 1 0 0 175 0 0 0 -1 -1 2 17
#"text:ports value\0"
0 -1 1 #"\0"
1 0 -1 -1 -1 93 -1 -1 0 1 0 0 0 0 0 0 0 1 1 1 0 0 175 0 0 0 -1 -1 2 1
#"\0"
0 -1 1 #"\0"
1.0 0 92 -1 -1 -1 -1 -1 0 0 0 0 0 0 0 0 0 1.0 1.0 1.0 34 139 34 0 0 0 -1
-1 2 27 #"Matching Parenthesis Style\0"
0 -1 1 #"\0"
1.0 0 92 -1 -1 -1 -1 -1 0 0 0 0 0 0 0 0 0 1.0 1.0 1.0 34 139 34 0 0 0 -1
-1 2 1 #"\0"
0 -1 1 #"\0"
1 0 -1 -1 -1 93 -1 -1 0 1 0 0 0 0 0 0 0 1 1 1 38 38 128 0 0 0 -1 -1 2 37
#"framework:syntax-color:scheme:symbol\0"
0 -1 1 #"\0"
1 0 -1 -1 -1 93 -1 -1 0 1 0 0 0 0 0 0 0 1 1 1 38 38 128 0 0 0 -1 -1 2 38
#"framework:syntax-color:scheme:keyword\0"
0 -1 1 #"\0"
1 0 -1 -1 -1 93 -1 -1 0 1 0 0 0 0 0 0 0 1 1 1 38 38 128 0 0 0 -1 -1 2 1
#"\0"
0 -1 1 #"\0"
1 0 -1 -1 -1 93 -1 -1 0 1 0 0 0 0 0 0 0 1 1 1 194 116 31 0 0 0 -1 -1 2
38 #"framework:syntax-color:scheme:comment\0"
0 -1 1 #"\0"
1 0 -1 -1 -1 93 -1 -1 0 1 0 0 0 0 0 0 0 1 1 1 194 116 31 0 0 0 -1 -1 2 1
#"\0"
0 -1 1 #"\0"
1 0 -1 -1 -1 93 -1 -1 0 1 0 0 0 0 0 0 0 1 1 1 41 128 38 0 0 0 -1 -1 2 37
#"framework:syntax-color:scheme:string\0"
0 -1 1 #"\0"
1 0 -1 -1 -1 93 -1 -1 0 1 0 0 0 0 0 0 0 1 1 1 41 128 38 0 0 0 -1 -1 2 35
#"framework:syntax-color:scheme:text\0"
0 -1 1 #"\0"
1 0 -1 -1 -1 93 -1 -1 0 1 0 0 0 0 0 0 0 1 1 1 41 128 38 0 0 0 -1 -1 2 39
#"framework:syntax-color:scheme:constant\0"
0 -1 1 #"\0"
1 0 -1 -1 -1 93 -1 -1 0 1 0 0 0 0 0 0 0 1 1 1 41 128 38 0 0 0 -1 -1 2 1
#"\0"
0 -1 1 #"\0"
1 0 -1 -1 -1 93 -1 -1 0 1 0 0 0 0 0 0 0 1 1 1 132 60 36 0 0 0 -1 -1 2 49
#"framework:syntax-color:scheme:hash-colon-keyword\0"
0 -1 1 #"\0"
1 0 -1 -1 -1 93 -1 -1 0 1 0 0 0 0 0 0 0 1 1 1 132 60 36 0 0 0 -1 -1 2 42
#"framework:syntax-color:scheme:parenthesis\0"
0 -1 1 #"\0"
1 0 -1 -1 -1 93 -1 -1 0 1 0 0 0 0 0 0 0 1 1 1 132 60 36 0 0 0 -1 -1 2 1
#"\0"
0 -1 1 #"\0"
1 0 -1 -1 -1 93 -1 -1 0 1 0 0 0 0 0 0 0 1 1 1 255 0 0 0 0 0 -1 -1 2 36
#"framework:syntax-color:scheme:error\0"
0 -1 1 #"\0"
1 0 -1 -1 -1 93 -1 -1 0 1 0 0 0 0 0 0 0 1 1 1 255 0 0 0 0 0 -1 -1 2 1
#"\0"
0 -1 1 #"\0"
1 0 -1 -1 -1 93 -1 -1 0 1 0 0 0 0 0 0 0 1 1 1 0 0 0 0 0 0 -1 -1 2 36
#"framework:syntax-color:scheme:other\0"
0 -1 1 #"\0"
1 0 -1 -1 -1 93 -1 -1 0 1 0 0 0 0 0 0 0 1 1 1 0 0 0 0 0 0 -1 -1 2 16
#"Misspelled Text\0"
0 -1 1 #"\0"
1 0 -1 -1 -1 -1 -1 -1 0 0 0 0 0 0 0 0 0 1 1 1 0 0 0 0 0 0 -1 -1 2 1
#"\0"
0 -1 1 #"\0"
1 0 -1 -1 -1 93 -1 -1 0 1 0 0 0 0 0 0 0 1 1 1 81 112 203 0 0 0 -1 -1 2
38 #"drracket:check-syntax:lexically-bound\0"
0 -1 1 #"\0"
1 0 -1 -1 -1 93 -1 -1 0 1 0 0 0 0 0 0 0 1 1 1 81 112 203 0 0 0 -1 -1 2 1
#"\0"
0 -1 1 #"\0"
1 0 -1 -1 -1 93 -1 -1 0 1 0 0 0 0 0 0 0 1 1 1 178 34 34 0 0 0 -1 -1 2 28
#"drracket:check-syntax:set!d\0"
0 -1 1 #"\0"
1 0 -1 -1 -1 93 -1 -1 0 1 0 0 0 0 0 0 0 1 1 1 178 34 34 0 0 0 -1 -1 2 37
#"drracket:check-syntax:unused-require\0"
0 -1 1 #"\0"
1 0 -1 -1 -1 93 -1 -1 0 1 0 0 0 0 0 0 0 1 1 1 255 0 0 0 0 0 -1 -1 2 36
#"drracket:check-syntax:free-variable\0"
0 -1 1 #"\0"
1 0 -1 -1 -1 93 -1 -1 0 1 0 0 0 0 0 0 0 1 1 1 255 0 0 0 0 0 -1 -1 2 1
#"\0"
0 -1 1 #"\0"
1 0 -1 -1 -1 93 -1 -1 0 1 0 0 0 0 0 0 0 1 1 1 68 0 203 0 0 0 -1 -1 2 31
#"drracket:check-syntax:imported\0"
0 -1 1 #"\0"
1 0 -1 -1 -1 93 -1 -1 0 1 0 0 0 0 0 0 0 1 1 1 68 0 203 0 0 0 -1 -1 2 47
#"drracket:check-syntax:my-obligation-style-pref\0"
0 -1 1 #"\0"
1 0 -1 -1 -1 93 -1 -1 0 1 0 0 0 0 0 0 0 1 1 1 178 34 34 0 0 0 -1 -1 2 1
#"\0"
0 -1 1 #"\0"
1 0 -1 -1 -1 93 -1 -1 0 1 0 0 0 0 0 0 0 1 1 1 0 116 0 0 0 0 -1 -1 2 50
#"drracket:check-syntax:their-obligation-style-pref\0"
0 -1 1 #"\0"
1 0 -1 -1 -1 93 -1 -1 0 1 0 0 0 0 0 0 0 1 1 1 0 116 0 0 0 0 -1 -1 2 48
#"drracket:check-syntax:unk-obligation-style-pref\0"
0 -1 1 #"\0"
1 0 -1 -1 -1 93 -1 -1 0 1 0 0 0 0 0 0 0 1 1 1 0 0 0 0 0 0 -1 -1 2 1
#"\0"
0 -1 1 #"\0"
1 0 -1 -1 -1 93 -1 -1 0 1 0 0 0 0 0 0 0 1 1 1 139 142 28 0 0 0 -1 -1 2
49 #"drracket:check-syntax:both-obligation-style-pref\0"
0 -1 1 #"\0"
1 0 -1 -1 -1 93 -1 -1 0 1 0 0 0 0 0 0 0 1 1 1 139 142 28 0 0 0 -1 -1 2
26 #"plt:htdp:test-coverage-on\0"
0 -1 1 #"\0"
1 0 -1 -1 -1 93 -1 -1 0 1 0 0 0 0 0 0 0 1 1 1 0 0 0 0 0 0 -1 -1 2 1
#"\0"
0 -1 1 #"\0"
1 0 -1 -1 -1 93 -1 -1 0 1 0 0 0 1 0 0 0 0 0 0 255 165 0 0 0 0 -1 -1 2 27
#"plt:htdp:test-coverage-off\0"
0 -1 1 #"\0"
1 0 -1 -1 -1 93 -1 -1 0 1 0 0 0 1 0 0 0 0 0 0 255 165 0 0 0 0 -1 -1 4 1
#"\0"
0 70 1 #"\0"
1.0 0 -1 -1 -1 -1 -1 -1 0 0 0 0 0 0 1.0 1.0 1.0 1.0 1.0 1.0 0 0 0 0 0 0
-1 -1 4 4 #"XML\0"
0 70 1 #"\0"
1.0 0 -1 -1 -1 -1 -1 -1 0 0 0 0 0 0 1.0 1.0 1.0 1.0 1.0 1.0 0 0 0 0 0 0
-1 -1 2 37 #"plt:module-language:test-coverage-on\0"
0 -1 1 #"\0"
1 0 -1 -1 -1 93 -1 -1 0 1 0 0 0 0 0 0 0 1 1 1 0 0 0 0 0 0 -1 -1 2 38
#"plt:module-language:test-coverage-off\0"
0 -1 1 #"\0"
1 0 -1 -1 -1 93 -1 -1 0 1 0 0 0 1 0 0 0 0 0 0 255 165 0 0 0 0 -1 -1 4 1
#"\0"
0 71 1 #"\0"
1.0 0 -1 -1 -1 -1 -1 -1 0 0 0 0 0 0 1.0 1.0 1.0 1.0 1.0 1.0 0 0 0 0 0 0
-1 -1 4 1 #"\0"
0 -1 1 #"\0"
1.0 0 -1 -1 -1 -1 -1 -1 1 0 0 0 0 0 0 0 0 1.0 1.0 1.0 0 0 255 0 0 0 -1
-1 4 1 #"\0"
0 71 1 #"\0"
1.0 0 -1 -1 -1 -1 -1 -1 1 0 0 0 0 0 0 0 0 1.0 1.0 1.0 0 0 255 0 0 0 -1
-1 4 1 #"\0"
0 71 1 #"\0"
1.0 0 -1 -1 -1 -1 -1 -1 0 0 0 0 0 0 0 0 0 1.0 1.0 1.0 0 100 0 0 0 0 -1
-1           0 3242 0 24 3 1 #"("
0 0 15 3 6 #"define"
0 0 24 3 1 #" "
0 0 14 3 1 #"y"
0 0 24 3 1 #" "
0 0 21 3 2 #"10"
0 0 24 3 1 #")"
0 0 24 29 1 #"\n"
0 0 24 3 1 #"("
0 0 15 3 8 #"for/list"
0 0 24 3 4 #" ([("
0 0 14 3 1 #"x"
0 0 24 3 3 #") ("
0 0 14 3 12 #"in-something"
0 0 24 3 1 #" "
0 0 14 3 4 #"blah"
0 0 24 3 3 #")])"
0 0 24 29 1 #"\n"
0 0 24 3 3 #"  ("
0 0 14 3 1 #"+"
0 0 24 3 1 #" "
0 0 14 3 1 #"x"
0 0 24 3 1 #" "
0 0 14 3 1 #"y"
0 0 24 3 2 #"))"
0 0 24 29 1 #"\n"
0 0 24 29 1 #"\n"
0 0 24 3 2 #"[("
0 0 14 3 1 #"x"
0 0 24 3 3 #") ("
0 0 14 3 12 #"in-something"
0 0 24 3 1 #" "
0 0 14 3 4 #"blah"
0 0 24 3 3 #")] "
0 0 14 3 1 #":"
0 0 24 3 1 #" "
0 0 14 3 3 #"ECR"
0 0 24 3 1 #"["
0 0 14 3 8 #"base-env"
0 0 24 3 3 #"][{"
0 0 14 3 9 #"x:Integer"
0 0 24 3 2 #"}]"
0 0 24 29 1 #"\n"
0 0 24 29 1 #"\n"
0 0 24 3 1 #"("
0 0 14 3 13 #"in-list-tails"
0 0 24 3 1 #" "
0 0 21 3 1 #"'"
0 0 24 3 1 #"("
0 0 14 3 1 #"a"
0 0 24 3 1 #" "
0 0 14 3 1 #"b"
0 0 24 3 1 #" "
0 0 14 3 1 #"c"
0 0 24 3 2 #"))"
0 0 24 29 1 #"\n"
0 0 14 3 2 #"=>"
0 0 24 3 3 #" [ "
0 0 21 3 1 #"'"
0 0 24 3 1 #"("
0 0 14 3 1 #"a"
0 0 24 3 1 #" "
0 0 14 3 1 #"b"
0 0 24 3 1 #" "
0 0 14 3 1 #"c"
0 0 24 3 1 #")"
0 0 28 3 1 #","
0 0 24 3 1 #" "
0 0 21 3 1 #"'"
0 0 24 3 1 #"("
0 0 14 3 1 #"b"
0 0 24 3 1 #" "
0 0 14 3 1 #"c"
0 0 24 3 1 #")"
0 0 28 3 1 #","
0 0 24 3 1 #" "
0 0 21 3 1 #"'"
0 0 24 3 1 #"("
0 0 14 3 1 #"c"
0 0 24 3 1 #")"
0 0 28 3 1 #","
0 0 24 3 1 #" "
0 0 21 3 1 #"'"
0 0 24 3 4 #"() ]"
0 0 24 29 1 #"\n"
0 0 24 29 1 #"\n"
0 0 14 3 13 #"BindingClause"
0 0 24 3 1 #"["
0 0 14 3 1 #"G"
0 0 24 3 3 #"][{"
0 0 14 3 3 #"x:t"
0 0 28 3 1 #","
0 0 24 3 1 #" "
0 0 14 3 3 #"..."
0 0 24 3 2 #"}]"
0 0 24 29 1 #"\n"
0 0 24 3 2 #"  "
0 0 14 3 3 #"::="
0 0 24 3 3 #" [("
0 0 14 3 4 #"x:Id"
0 0 24 3 1 #" "
0 0 14 3 3 #"..."
0 0 24 3 2 #") "
0 0 14 3 4 #"Expr"
0 0 24 3 1 #"["
0 0 14 3 1 #"G"
0 0 24 3 3 #"][("
0 0 14 3 10 #"sequenceof"
0 0 24 3 2 #" ("
0 0 14 3 6 #"values"
0 0 24 3 1 #" "
0 0 14 3 1 #"t"
0 0 24 3 1 #" "
0 0 14 3 3 #"..."
0 0 24 3 4 #"))]]"
0 0 24 29 1 #"\n"
0 0 24 29 1 #"\n"
0 0 14 3 7 #"Binding"
0 0 24 3 1 #" "
0 0 14 3 13 #"specification"
0 0 24 3 1 #" "
0 0 14 3 2 #"of"
0 0 24 3 1 #" "
0 0 14 3 2 #"an"
0 0 24 3 1 #" "
0 0 14 3 8 #"expanded"
0 0 24 3 1 #" "
0 0 14 3 6 #"clause"
0 0 24 3 1 #" "
0 0 14 3 6 #"record"
0 0 24 3 2 #" ("
0 0 14 3 10 #"simplified"
0 0 24 3 1 #")"
0 0 24 29 1 #"\n"
0 0 14 3 2 #"in"
0 0 24 3 1 #" "
0 0 14 3 2 #"an"
0 0 24 3 1 #" "
0 0 14 3 11 #"environment"
0 0 24 3 1 #" "
0 0 14 3 2 #"G:"
0 0 24 29 1 #"\n"
0 0 24 3 2 #"  "
0 0 14 3 3 #"ECR"
0 0 24 3 1 #"["
0 0 14 3 1 #"G"
0 0 24 3 2 #"]["
0 0 14 3 1 #"G"
0 0 21 3 1 #"'"
0 0 24 3 3 #"][{"
0 0 14 3 10 #"outer-id:a"
0 0 28 3 1 #","
0 0 24 3 1 #" "
0 0 14 3 3 #"..."
0 0 24 3 4 #"}][{"
0 0 14 3 9 #"loop-id:c"
0 0 28 3 1 #","
0 0 24 3 1 #" "
0 0 14 3 3 #"..."
0 0 24 3 4 #"}][{"
0 0 14 3 10 #"inner-id:e"
0 0 28 3 1 #","
0 0 14 3 3 #"..."
0 0 24 3 2 #"}]"
0 0 24 29 1 #"\n"
0 0 14 3 3 #"::="
0 0 24 29 1 #"\n"
0 0 24 3 3 #"  ("
0 0 17 3 17 #";; outer bindings"
0 0 24 29 1 #"\n"
0 0 24 3 6 #"   ([("
0 0 14 3 8 #"outer-id"
0 0 24 3 1 #" "
0 0 14 3 1 #":"
0 0 24 3 1 #" "
0 0 14 3 2 #"Id"
0 0 24 3 2 #") "
0 0 14 3 9 #"outer-rhs"
0 0 24 3 1 #" "
0 0 14 3 1 #":"
0 0 24 3 1 #" "
0 0 14 3 4 #"Expr"
0 0 24 3 1 #"["
0 0 14 3 1 #"G"
0 0 24 3 2 #"]["
0 0 14 3 1 #"a"
0 0 24 3 3 #"]])"
0 0 24 29 1 #"\n"
0 0 24 3 3 #"   "
0 0 17 3 16 #";; loop bindings"
0 0 24 29 1 #"\n"
0 0 24 3 5 #"   (["
0 0 14 3 7 #"loop-id"
0 0 24 3 1 #" "
0 0 14 3 1 #":"
0 0 24 3 1 #" "
0 0 14 3 2 #"Id"
0 0 24 3 1 #" "
0 0 14 3 9 #"loop-expr"
0 0 24 3 1 #" "
0 0 14 3 1 #":"
0 0 24 3 1 #" "
0 0 14 3 4 #"Expr"
0 0 24 3 1 #"["
0 0 14 3 1 #"G"
0 0 28 3 1 #","
0 0 24 3 1 #" "
0 0 14 3 8 #"outer-id"
0 0 24 3 1 #" "
0 0 14 3 1 #":"
0 0 24 3 1 #" "
0 0 14 3 1 #"a"
0 0 24 3 2 #"]["
0 0 14 3 1 #"c"
0 0 24 3 3 #"]])"
0 0 24 29 1 #"\n"
0 0 24 3 3 #"   "
0 0 17 3 12 #";; pos check"
0 0 24 29 1 #"\n"
0 0 24 3 3 #"   "
0 0 14 3 9 #"pos-guard"
0 0 24 3 1 #" "
0 0 14 3 1 #":"
0 0 24 3 1 #" "
0 0 14 3 4 #"Expr"
0 0 24 3 1 #"["
0 0 14 3 1 #"G"
0 0 28 3 1 #","
0 0 24 3 1 #" "
0 0 14 3 8 #"outer-id"
0 0 24 3 1 #" "
0 0 14 3 1 #":"
0 0 24 3 1 #" "
0 0 14 3 1 #"a"
0 0 28 3 1 #","
0 0 24 3 1 #" "
0 0 14 3 7 #"loop-id"
0 0 24 3 1 #" "
0 0 14 3 1 #":"
0 0 24 3 1 #" "
0 0 14 3 1 #"c"
0 0 24 3 2 #"]["
0 0 14 3 3 #"Any"
0 0 24 3 1 #"]"
0 0 24 29 1 #"\n"
0 0 24 3 3 #"   "
0 0 17 3 17 #";; inner bindings"
0 0 24 29 1 #"\n"
0 0 24 3 5 #"   (["
0 0 14 3 8 #"inner-id"
0 0 24 3 1 #" "
0 0 14 3 9 #"inner-rhs"
0 0 24 3 1 #" "
0 0 14 3 1 #":"
0 0 24 3 1 #" "
0 0 14 3 4 #"Expr"
0 0 24 3 1 #"["
0 0 14 3 1 #"G"
0 0 28 3 1 #","
0 0 24 3 1 #" "
0 0 14 3 8 #"outer-id"
0 0 24 3 1 #" "
0 0 14 3 1 #":"
0 0 24 3 1 #" "
0 0 14 3 1 #"a"
0 0 28 3 1 #","
0 0 24 3 1 #" "
0 0 14 3 7 #"loop-id"
0 0 24 3 1 #" "
0 0 14 3 1 #":"
0 0 24 3 1 #" "
0 0 14 3 1 #"c"
0 0 24 3 2 #"]["
0 0 14 3 1 #"e"
0 0 24 3 3 #"]] "
0 0 14 3 3 #"..."
0 0 24 3 1 #")"
0 0 24 29 1 #"\n"
0 0 24 3 3 #"   "
0 0 17 3 12 #";; pre guard"
0 0 24 29 1 #"\n"
0 0 24 3 3 #"   "
0 0 14 3 9 #"pre-guard"
0 0 24 3 1 #" "
0 0 14 3 1 #":"
0 0 24 3 1 #" "
0 0 14 3 4 #"Expr"
0 0 24 3 1 #"["
0 0 14 3 1 #"G"
0 0 28 3 1 #","
0 0 24 3 1 #" "
0 0 14 3 8 #"outer-id"
0 0 24 3 1 #" "
0 0 14 3 1 #":"
0 0 24 3 1 #" "
0 0 14 3 1 #"a"
0 0 28 3 1 #","
0 0 24 3 1 #" "
0 0 14 3 7 #"loop-id"
0 0 24 3 1 #" "
0 0 14 3 1 #":"
0 0 24 3 1 #" "
0 0 14 3 1 #"c"
0 0 28 3 1 #","
0 0 24 3 1 #" "
0 0 14 3 8 #"inner-id"
0 0 24 3 1 #" "
0 0 14 3 1 #":"
0 0 24 3 1 #" "
0 0 14 3 1 #"e"
0 0 28 3 1 #","
0 0 24 3 1 #" "
0 0 14 3 3 #"..."
0 0 24 3 2 #"]["
0 0 14 3 3 #"Any"
0 0 24 3 1 #"]"
0 0 24 29 1 #"\n"
0 0 24 3 3 #"   "
0 0 17 3 13 #";; post guard"
0 0 24 29 1 #"\n"
0 0 24 3 3 #"   "
0 0 14 3 10 #"post-guard"
0 0 24 3 1 #" "
0 0 14 3 1 #":"
0 0 24 3 1 #" "
0 0 14 3 4 #"Expr"
0 0 24 3 1 #"["
0 0 14 3 1 #"G"
0 0 28 3 1 #","
0 0 24 3 1 #" "
0 0 14 3 8 #"outer-id"
0 0 24 3 1 #" "
0 0 14 3 1 #":"
0 0 24 3 1 #" "
0 0 14 3 1 #"a"
0 0 28 3 1 #","
0 0 24 3 1 #" "
0 0 14 3 7 #"loop-id"
0 0 24 3 1 #" "
0 0 14 3 1 #":"
0 0 24 3 1 #" "
0 0 14 3 1 #"c"
0 0 28 3 1 #","
0 0 24 3 1 #" "
0 0 14 3 8 #"inner-id"
0 0 24 3 1 #" "
0 0 14 3 1 #":"
0 0 24 3 1 #" "
0 0 14 3 1 #"e"
0 0 28 3 1 #","
0 0 24 3 1 #" "
0 0 14 3 3 #"..."
0 0 24 3 2 #"]["
0 0 14 3 3 #"Any"
0 0 24 3 1 #"]"
0 0 24 29 1 #"\n"
0 0 24 3 3 #"   "
0 0 17 3 12 #";; loop args"
0 0 24 29 1 #"\n"
0 0 24 3 4 #"   ("
0 0 14 3 8 #"loop-arg"
0 0 24 3 1 #" "
0 0 14 3 1 #":"
0 0 24 3 1 #" "
0 0 14 3 4 #"Expr"
0 0 24 3 1 #"["
0 0 14 3 1 #"G"
0 0 28 3 1 #","
0 0 24 3 1 #" "
0 0 14 3 8 #"outer-id"
0 0 24 3 1 #" "
0 0 14 3 1 #":"
0 0 24 3 1 #" "
0 0 14 3 1 #"a"
0 0 28 3 1 #","
0 0 24 3 1 #" "
0 0 14 3 7 #"loop-id"
0 0 24 3 1 #" "
0 0 14 3 1 #":"
0 0 24 3 1 #" "
0 0 14 3 1 #"c"
0 0 28 3 1 #","
0 0 24 3 1 #" "
0 0 14 3 8 #"inner-id"
0 0 24 3 1 #" "
0 0 14 3 1 #":"
0 0 24 3 1 #" "
0 0 14 3 1 #"e"
0 0 28 3 1 #","
0 0 24 3 1 #" "
0 0 14 3 3 #"..."
0 0 24 3 2 #"]["
0 0 14 3 1 #"c"
0 0 24 3 3 #"]))"
0 0 24 29 1 #"\n"
0 0 24 3 2 #"  "
0 0 14 3 5 #"where"
0 0 24 3 1 #" "
0 0 14 3 1 #"G"
0 0 21 3 1 #"'"
0 0 24 3 1 #" "
0 0 14 3 1 #"="
0 0 24 3 3 #" { "
0 0 14 3 8 #"inner-id"
0 0 24 3 1 #" "
0 0 14 3 1 #":"
0 0 24 3 1 #" "
0 0 14 3 1 #"e"
0 0 28 3 1 #","
0 0 24 3 1 #" "
0 0 14 3 3 #"..."
0 0 24 3 3 #" } "
0 0 14 3 6 #"WRONG!"
0 0 24 29 1 #"\n"
0 0 24 3 2 #"  "
0 0 14 3 5 #"where"
0 0 24 3 1 #" "
0 0 14 3 1 #"G"
0 0 21 3 1 #"'"
0 0 24 3 1 #" "
0 0 14 3 3 #"\342\212\202"
0 0 24 3 3 #" { "
0 0 14 3 8 #"inner-id"
0 0 24 3 1 #" "
0 0 14 3 1 #":"
0 0 24 3 1 #" "
0 0 14 3 1 #"e"
0 0 28 3 1 #","
0 0 24 3 1 #" "
0 0 14 3 3 #"..."
0 0 28 3 1 #","
0 0 24 3 1 #" "
0 0 14 3 7 #"loop-id"
0 0 24 3 1 #" "
0 0 14 3 1 #":"
0 0 24 3 1 #" "
0 0 14 3 1 #"c"
0 0 28 3 1 #","
0 0 24 3 1 #" "
0 0 14 3 8 #"outer-id"
0 0 24 3 1 #" "
0 0 14 3 1 #":"
0 0 24 3 1 #" "
0 0 14 3 1 #"a"
0 0 24 3 2 #" }"
0 0 24 29 1 #"\n"
0 0 24 3 13 #"             "
0 0 14 3 3 #"AND"
0 0 24 3 1 #" "
0 0 14 3 3 #"the"
0 0 24 3 1 #" "
0 0 14 3 3 #"ECR"
0 0 24 3 1 #" "
0 0 14 3 4 #"must"
0 0 24 3 1 #" "
0 0 14 3 3 #"not"
0 0 24 3 1 #" "
0 0 14 3 4 #"bind"
0 0 24 3 1 #" "
0 0 14 3 8 #"anything"
0 0 24 3 1 #" "
0 0 14 3 7 #"visible"
0 0 24 3 1 #" "
0 0 14 3 2 #"to"
0 0 24 3 1 #" "
0 0 14 3 3 #"the"
0 0 24 3 1 #" "
0 0 14 3 4 #"loop"
0 0 24 3 1 #" "
0 0 14 3 4 #"body"
0 0 24 29 1 #"\n"
0 0 24 3 17 #"                 "
0 0 14 3 6 #"except"
0 0 24 3 1 #" "
0 0 14 3 4 #"what"
0 0 24 3 1 #" "
0 0 14 3 2 #"is"
0 0 24 3 1 #" "
0 0 14 3 2 #"in"
0 0 24 3 1 #" "
0 0 14 3 1 #"G"
0 0 21 3 1 #"'"
0 0 24 3 2 #" ("
0 0 14 3 6 #"FIXME!"
0 0 24 3 1 #")"
0 0 24 29 1 #"\n"
0 0 24 3 17 #"                 "
0 0 24 29 1 #"\n"
0 0 24 3 1 #"("
0 0 17 3 17 #";; outer bindings"
0 0 24 29 1 #"\n"
0 0 24 3 4 #" ([("
0 0 14 3 8 #"outer-id"
0 0 24 3 1 #" "
0 0 14 3 1 #":"
0 0 24 3 1 #" "
0 0 14 3 2 #"Id"
0 0 24 3 3 #")])"
0 0 24 29 1 #"\n"
0 0 24 3 1 #" "
0 0 17 3 12 #";; pos check"
0 0 24 29 1 #"\n"
0 0 24 3 1 #" "
0 0 14 3 9 #"pos-guard"
0 0 24 3 1 #" "
0 0 14 3 1 #":"
0 0 24 3 1 #" "
0 0 14 3 4 #"Expr"
0 0 24 3 1 #"["
0 0 14 3 1 #"G"
0 0 28 3 1 #","
0 0 24 3 1 #" "
0 0 14 3 8 #"outer-id"
0 0 24 3 1 #" "
0 0 14 3 1 #":"
0 0 24 3 1 #" "
0 0 14 3 1 #"a"
0 0 24 3 2 #"]["
0 0 14 3 3 #"Any"
0 0 24 3 2 #"])"
0 0 24 29 1 #"\n"
0 0 24 29 1 #"\n"
0 0 24 3 1 #"("
0 0 15 3 6 #"define"
0 0 24 3 1 #" "
0 0 14 3 1 #"y"
0 0 24 3 1 #" "
0 0 21 3 1 #"3"
0 0 24 3 1 #")"
0 0 24 29 1 #"\n"
0 0 24 3 2 #"(("
0 0 14 3 1 #"x"
0 0 24 3 1 #" "
0 0 14 3 1 #":"
0 0 24 3 1 #" "
0 0 14 3 3 #"Nat"
0 0 24 3 1 #")"
0 0 24 29 1 #"\n"
0 0 24 3 2 #" ("
0 0 14 3 1 #"<"
0 0 24 3 1 #" "
0 0 14 3 1 #"x"
0 0 24 3 1 #" "
0 0 14 3 1 #"y"
0 0 24 3 2 #") "
0 0 14 3 1 #":"
0 0 24 3 1 #" "
0 0 14 3 4 #"Expr"
0 0 24 3 2 #"[{"
0 0 14 3 1 #"y"
0 0 24 3 1 #" "
0 0 14 3 1 #":"
0 0 24 3 1 #" "
0 0 14 3 3 #"Nat"
0 0 28 3 1 #","
0 0 24 3 1 #" "
0 0 14 3 1 #"x"
0 0 24 3 1 #" "
0 0 14 3 1 #":"
0 0 24 3 1 #" "
0 0 14 3 3 #"Nat"
0 0 24 3 4 #"}]) "
0 0 14 3 1 #":"
0 0 24 3 1 #" "
0 0 14 3 3 #"ECR"
0 0 24 3 2 #"[{"
0 0 14 3 1 #"y"
0 0 24 3 1 #" "
0 0 14 3 1 #":"
0 0 24 3 1 #" "
0 0 14 3 3 #"Nat"
0 0 24 3 2 #"}]"
0 0 24 29 1 #"\n"
0 0 24 29 1 #"\n"
0 0 24 3 2 #"(("
0 0 14 3 1 #"y"
0 0 24 3 1 #" "
0 0 14 3 1 #":"
0 0 24 3 1 #" "
0 0 14 3 6 #"String"
0 0 24 3 1 #")"
0 0 24 29 1 #"\n"
0 0 24 3 2 #" ("
0 0 14 3 6 #"length"
0 0 24 3 1 #" "
0 0 14 3 1 #"y"
0 0 24 3 2 #") "
0 0 14 3 1 #":"
0 0 24 3 1 #" "
0 0 14 3 4 #"Expr"
0 0 24 3 2 #"[{"
0 0 14 3 1 #"y"
0 0 24 3 1 #" "
0 0 14 3 1 #":"
0 0 24 3 1 #" "
0 0 14 3 6 #"String"
0 0 24 3 4 #"}]) "
0 0 14 3 1 #":"
0 0 24 3 1 #" "
0 0 14 3 3 #"ECR"
0 0 24 3 2 #"[{"
0 0 14 3 1 #"y"
0 0 24 3 1 #" "
0 0 14 3 1 #":"
0 0 24 3 1 #" "
0 0 14 3 3 #"Nat"
0 0 24 3 2 #"}]"
0 0 24 29 1 #"\n"
0 0 24 29 1 #"\n"
0 0 14 3 3 #"==>"
0 0 24 29 1 #"\n"
0 0 24 29 1 #"\n"
0 0 24 3 2 #"(("
0 0 14 3 1 #"x"
0 0 24 3 1 #" "
0 0 14 3 1 #":"
0 0 24 3 1 #" "
0 0 14 3 3 #"Nat"
0 0 24 3 1 #" "
0 0 14 3 1 #"y"
0 0 24 3 1 #" "
0 0 14 3 1 #":"
0 0 24 3 1 #" "
0 0 14 3 6 #"String"
0 0 24 3 1 #")"
0 0 24 29 1 #"\n"
0 0 24 3 2 #" ("
0 0 14 3 3 #"and"
0 0 24 3 2 #" ("
0 0 14 3 1 #"<"
0 0 24 3 1 #" "
0 0 14 3 1 #"x"
0 0 24 3 1 #" "
0 0 14 3 1 #"y"
0 0 24 3 2 #") "
0 0 14 3 1 #":"
0 0 24 3 1 #" "
0 0 14 3 4 #"Expr"
0 0 24 3 2 #"[{"
0 0 14 3 1 #"y"
0 0 24 3 1 #" "
0 0 14 3 1 #":"
0 0 24 3 1 #" "
0 0 14 3 3 #"Nat"
0 0 28 3 1 #","
0 0 24 3 1 #" "
0 0 14 3 1 #"x"
0 0 24 3 1 #" "
0 0 14 3 1 #":"
0 0 24 3 1 #" "
0 0 14 3 3 #"Nat"
0 0 24 3 4 #"}] ("
0 0 14 3 6 #"length"
0 0 24 3 1 #" "
0 0 14 3 1 #"y"
0 0 24 3 2 #") "
0 0 14 3 1 #":"
0 0 24 3 1 #" "
0 0 14 3 4 #"Expr"
0 0 24 3 2 #"[{"
0 0 14 3 1 #"y"
0 0 24 3 1 #" "
0 0 14 3 1 #":"
0 0 24 3 1 #" "
0 0 14 3 6 #"String"
0 0 24 3 3 #"}])"
0 0 24 29 1 #"\n"
0 0 24 3 2 #"  "
0 0 14 3 1 #":"
0 0 24 3 1 #" "
0 0 14 3 4 #"Expr"
0 0 24 3 2 #"[{"
0 0 14 3 1 #"x"
0 0 24 3 1 #" "
0 0 14 3 1 #":"
0 0 24 3 1 #" "
0 0 14 3 3 #"Nat"
0 0 28 3 1 #","
0 0 24 3 1 #" "
0 0 14 3 1 #"y"
0 0 24 3 1 #" "
0 0 14 3 1 #":"
0 0 24 3 1 #" "
0 0 14 3 6 #"String"
0 0 24 3 4 #"}]) "
0 0 14 3 1 #":"
0 0 24 3 1 #" "
0 0 14 3 3 #"ECR"
0 0 24 3 2 #"[{"
0 0 14 3 1 #"y"
0 0 24 3 1 #" "
0 0 14 3 1 #":"
0 0 24 3 1 #" "
0 0 14 3 3 #"Nat"
0 0 24 3 2 #"}]"
0 0 24 29 1 #"\n"
0 0 24 29 1 #"\n"
0 0 14 3 7 #"TypeEnv"
0 0 24 3 1 #"["
0 0 14 3 4 #"S..."
0 0 24 3 2 #"] "
0 0 14 3 3 #"::="
0 0 24 3 2 #" ("
0 0 14 3 4 #"list"
0 0 24 3 1 #" "
0 0 14 3 3 #"rib"
0 0 24 3 1 #" "
0 0 14 3 1 #":"
0 0 24 3 1 #" "
0 0 14 3 3 #"Rib"
0 0 24 3 1 #"["
0 0 14 3 1 #"S"
0 0 24 3 2 #"] "
0 0 14 3 3 #"..."
0 0 24 3 1 #")"
0 0 24 29 1 #"\n"
0 0 14 3 3 #"Rib"
0 0 24 3 2 #"[{"
0 0 14 3 5 #"id:Id"
0 0 24 3 1 #" "
0 0 14 3 1 #":"
0 0 24 3 1 #" "
0 0 14 3 9 #"type:Type"
0 0 28 3 1 #","
0 0 24 3 1 #" "
0 0 14 3 3 #"..."
0 0 24 3 3 #"}] "
0 0 14 3 3 #"::="
0 0 24 3 2 #" ("
0 0 14 3 4 #"list"
0 0 24 3 2 #" ("
0 0 14 3 4 #"cons"
0 0 24 3 1 #" "
0 0 14 3 2 #"id"
0 0 24 3 1 #" "
0 0 14 3 1 #":"
0 0 24 3 1 #" "
0 0 14 3 2 #"Id"
0 0 24 3 1 #" "
0 0 14 3 4 #"type"
0 0 24 3 1 #" "
0 0 14 3 1 #":"
0 0 24 3 1 #" "
0 0 14 3 4 #"Type"
0 0 24 3 2 #") "
0 0 14 3 3 #"..."
0 0 24 3 1 #")"
0 0 24 29 1 #"\n"
0 0 24 29 1 #"\n"
0 0 14 3 7 #"Binding"
0 0 24 3 1 #" "
0 0 14 3 13 #"specification"
0 0 24 3 1 #" "
0 0 14 3 2 #"of"
0 0 24 3 1 #" "
0 0 14 3 2 #"an"
0 0 24 3 1 #" "
0 0 14 3 8 #"expanded"
0 0 24 3 1 #" "
0 0 14 3 6 #"clause"
0 0 24 3 1 #" "
0 0 14 3 6 #"record"
0 0 24 3 2 #" ("
0 0 14 3 10 #"simplified"
0 0 24 3 1 #")"
0 0 24 29 1 #"\n"
0 0 14 3 2 #"in"
0 0 24 3 1 #" "
0 0 14 3 2 #"an"
0 0 24 3 1 #" "
0 0 14 3 11 #"environment"
0 0 24 3 1 #" "
0 0 14 3 2 #"G:"
0 0 24 29 1 #"\n"
0 0 24 3 2 #"  "
0 0 14 3 3 #"ECR"
0 0 24 3 1 #"["
0 0 14 3 1 #"G"
0 0 24 3 2 #"]["
0 0 14 3 1 #"G"
0 0 21 3 1 #"'"
0 0 24 3 1 #"]"
0 0 24 29 1 #"\n"
0 0 14 3 3 #"::="
0 0 24 29 1 #"\n"
0 0 24 3 3 #"  ("
0 0 17 3 17 #";; outer bindings"
0 0 24 29 1 #"\n"
0 0 24 3 6 #"   ([("
0 0 14 3 8 #"outer-id"
0 0 24 3 1 #" "
0 0 14 3 1 #":"
0 0 24 3 1 #" "
0 0 14 3 2 #"Id"
0 0 24 3 2 #") "
0 0 14 3 9 #"outer-rhs"
0 0 24 3 1 #" "
0 0 14 3 1 #":"
0 0 24 3 1 #" "
0 0 14 3 4 #"Expr"
0 0 24 3 1 #"["
0 0 14 3 1 #"G"
0 0 24 3 2 #"]["
0 0 14 3 1 #"a"
0 0 24 3 3 #"]])"
0 0 24 29 1 #"\n"
0 0 24 3 3 #"   "
0 0 17 3 14 #";; outer check"
0 0 24 29 1 #"\n"
0 0 24 3 3 #"   "
0 0 14 3 11 #"outer-check"
0 0 24 3 1 #" "
0 0 14 3 1 #":"
0 0 24 3 1 #" "
0 0 14 3 4 #"Expr"
0 0 24 3 2 #"[("
0 0 14 3 5 #"List*"
0 0 24 3 1 #" "
0 0 14 3 3 #"Rib"
0 0 24 3 2 #"[{"
0 0 14 3 8 #"outer-id"
0 0 24 3 1 #" "
0 0 14 3 1 #":"
0 0 24 3 1 #" "
0 0 14 3 1 #"a"
0 0 24 3 3 #"}] "
0 0 14 3 1 #"G"
0 0 24 3 3 #")]["
0 0 14 3 3 #"Any"
0 0 24 3 1 #"]"
0 0 24 29 1 #"\n"
0 0 24 3 3 #"   "
0 0 17 3 16 #";; loop bindings"
0 0 24 29 1 #"\n"
0 0 24 3 5 #"   (["
0 0 14 3 7 #"loop-id"
0 0 24 3 1 #" "
0 0 14 3 1 #":"
0 0 24 3 1 #" "
0 0 14 3 2 #"Id"
0 0 24 3 1 #" "
0 0 14 3 9 #"loop-expr"
0 0 24 3 1 #" "
0 0 14 3 1 #":"
0 0 24 3 1 #" "
0 0 14 3 4 #"Expr"
0 0 24 3 2 #"[("
0 0 14 3 5 #"List*"
0 0 24 3 1 #" "
0 0 14 3 3 #"Rib"
0 0 24 3 2 #"[{"
0 0 14 3 8 #"outer-id"
0 0 24 3 1 #" "
0 0 14 3 1 #":"
0 0 24 3 1 #" "
0 0 14 3 1 #"a"
0 0 24 3 3 #"}] "
0 0 14 3 1 #"G"
0 0 24 3 3 #")]["
0 0 14 3 1 #"c"
0 0 24 3 3 #"]])"
0 0 24 29 1 #"\n"
0 0 24 3 3 #"   "
0 0 17 3 12 #";; pos check"
0 0 24 29 1 #"\n"
0 0 24 3 3 #"   "
0 0 14 3 9 #"pos-guard"
0 0 24 3 1 #" "
0 0 14 3 1 #":"
0 0 24 3 1 #" "
0 0 14 3 4 #"Expr"
0 0 24 3 2 #"[("
0 0 14 3 5 #"List*"
0 0 24 3 1 #" "
0 0 14 3 3 #"Rib"
0 0 24 3 2 #"[{"
0 0 14 3 7 #"loop-id"
0 0 24 3 1 #" "
0 0 14 3 1 #":"
0 0 24 3 1 #" "
0 0 14 3 1 #"c"
0 0 24 3 3 #"}] "
0 0 14 3 3 #"Rib"
0 0 24 3 2 #"[{"
0 0 14 3 8 #"outer-id"
0 0 24 3 1 #" "
0 0 14 3 1 #":"
0 0 24 3 1 #" "
0 0 14 3 1 #"a"
0 0 24 3 3 #"}] "
0 0 14 3 1 #"G"
0 0 24 3 3 #")]["
0 0 14 3 3 #"Any"
0 0 24 3 1 #"]"
0 0 24 29 1 #"\n"
0 0 24 3 3 #"   "
0 0 17 3 17 #";; inner bindings"
0 0 24 29 1 #"\n"
0 0 24 3 5 #"   (["
0 0 14 3 8 #"inner-id"
0 0 24 3 1 #" "
0 0 14 3 9 #"inner-rhs"
0 0 24 3 1 #" "
0 0 14 3 1 #":"
0 0 24 3 1 #" "
0 0 14 3 4 #"Expr"
0 0 24 3 1 #"("
0 0 14 3 5 #"List*"
0 0 24 3 1 #" "
0 0 14 3 3 #"Rib"
0 0 24 3 2 #"[{"
0 0 14 3 7 #"loop-id"
0 0 24 3 1 #" "
0 0 14 3 1 #":"
0 0 24 3 1 #" "
0 0 14 3 1 #"c"
0 0 24 3 3 #"}] "
0 0 14 3 3 #"Rib"
0 0 24 3 2 #"[{"
0 0 14 3 8 #"outer-id"
0 0 24 3 1 #" "
0 0 14 3 1 #":"
0 0 24 3 1 #" "
0 0 14 3 1 #"a"
0 0 24 3 3 #"}] "
0 0 14 3 1 #"G"
0 0 24 3 3 #")]["
0 0 14 3 1 #"e"
0 0 24 3 3 #"]] "
0 0 14 3 3 #"..."
0 0 24 3 1 #")"
0 0 24 29 1 #"\n"
0 0 24 3 3 #"   "
0 0 17 3 12 #";; pre guard"
0 0 24 29 1 #"\n"
0 0 24 3 3 #"   "
0 0 14 3 9 #"pre-guard"
0 0 24 3 1 #" "
0 0 14 3 1 #":"
0 0 24 3 1 #" "
0 0 14 3 4 #"Expr"
0 0 24 3 2 #"[("
0 0 14 3 5 #"List*"
0 0 24 3 1 #" "
0 0 14 3 3 #"Rib"
0 0 24 3 2 #"[{"
0 0 14 3 8 #"inner-id"
0 0 24 3 1 #" "
0 0 14 3 1 #":"
0 0 24 3 1 #" "
0 0 14 3 1 #"e"
0 0 28 3 1 #","
0 0 24 3 1 #" "
0 0 14 3 3 #"..."
0 0 24 3 3 #"}] "
0 0 14 3 3 #"Rib"
0 0 24 3 2 #"[{"
0 0 14 3 7 #"loop-id"
0 0 24 3 1 #" "
0 0 14 3 1 #":"
0 0 24 3 1 #" "
0 0 14 3 1 #"c"
0 0 24 3 3 #"}] "
0 0 14 3 3 #"Rib"
0 0 24 3 2 #"[{"
0 0 14 3 8 #"outer-id"
0 0 24 3 1 #" "
0 0 14 3 1 #":"
0 0 24 3 1 #" "
0 0 14 3 1 #"a"
0 0 24 3 3 #"}] "
0 0 14 3 1 #"G"
0 0 24 3 3 #")]["
0 0 14 3 3 #"Any"
0 0 24 3 1 #"]"
0 0 24 29 1 #"\n"
0 0 24 3 3 #"   "
0 0 17 3 13 #";; post guard"
0 0 24 29 1 #"\n"
0 0 24 3 3 #"   "
0 0 14 3 10 #"post-guard"
0 0 24 3 1 #" "
0 0 14 3 1 #":"
0 0 24 3 1 #" "
0 0 14 3 4 #"Expr"
0 0 24 3 3 #"[[("
0 0 14 3 5 #"List*"
0 0 24 3 1 #" "
0 0 14 3 3 #"Rib"
0 0 24 3 2 #"[{"
0 0 14 3 8 #"inner-id"
0 0 24 3 1 #" "
0 0 14 3 1 #":"
0 0 24 3 1 #" "
0 0 14 3 1 #"e"
0 0 28 3 1 #","
0 0 24 3 1 #" "
0 0 14 3 3 #"..."
0 0 24 3 3 #"}] "
0 0 14 3 3 #"Rib"
0 0 24 3 2 #"[{"
0 0 14 3 7 #"loop-id"
0 0 24 3 1 #" "
0 0 14 3 1 #":"
0 0 24 3 1 #" "
0 0 14 3 1 #"c"
0 0 24 3 3 #"}] "
0 0 14 3 3 #"Rib"
0 0 24 3 2 #"[{"
0 0 14 3 8 #"outer-id"
0 0 24 3 1 #" "
0 0 14 3 1 #":"
0 0 24 3 1 #" "
0 0 14 3 1 #"a"
0 0 24 3 3 #"}] "
0 0 14 3 1 #"G"
0 0 24 3 4 #")]]["
0 0 14 3 3 #"Any"
0 0 24 3 1 #"]"
0 0 24 29 1 #"\n"
0 0 24 3 3 #"   "
0 0 17 3 12 #";; loop args"
0 0 24 29 1 #"\n"
0 0 24 3 4 #"   ("
0 0 14 3 8 #"loop-arg"
0 0 24 3 1 #" "
0 0 14 3 1 #":"
0 0 24 3 1 #" "
0 0 14 3 4 #"Expr"
0 0 24 3 3 #"[[("
0 0 14 3 5 #"List*"
0 0 24 3 1 #" "
0 0 14 3 3 #"Rib"
0 0 24 3 2 #"[{"
0 0 14 3 8 #"inner-id"
0 0 24 3 1 #" "
0 0 14 3 1 #":"
0 0 24 3 1 #" "
0 0 14 3 1 #"e"
0 0 28 3 1 #","
0 0 24 3 1 #" "
0 0 14 3 3 #"..."
0 0 24 3 3 #"}] "
0 0 14 3 3 #"Rib"
0 0 24 3 2 #"[{"
0 0 14 3 7 #"loop-id"
0 0 24 3 1 #" "
0 0 14 3 1 #":"
0 0 24 3 1 #" "
0 0 14 3 1 #"c"
0 0 24 3 3 #"}] "
0 0 14 3 3 #"Rib"
0 0 24 3 2 #"[{"
0 0 14 3 8 #"outer-id"
0 0 24 3 1 #" "
0 0 14 3 1 #":"
0 0 24 3 1 #" "
0 0 14 3 1 #"a"
0 0 24 3 3 #"}] "
0 0 14 3 1 #"G"
0 0 24 3 4 #")]]["
0 0 14 3 1 #"c"
0 0 24 3 3 #"]))"
0 0 24 29 1 #"\n"
0 0 24 3 2 #"  "
0 0 14 3 5 #"where"
0 0 24 3 1 #" "
0 0 14 3 1 #"G"
0 0 21 3 1 #"'"
0 0 24 3 1 #" "
0 0 14 3 3 #"\342\212\202"
0 0 24 3 3 #" { "
0 0 14 3 8 #"inner-id"
0 0 24 3 1 #" "
0 0 14 3 1 #":"
0 0 24 3 1 #" "
0 0 14 3 1 #"e"
0 0 28 3 1 #","
0 0 24 3 1 #" "
0 0 14 3 3 #"..."
0 0 28 3 1 #","
0 0 24 3 1 #" "
0 0 14 3 7 #"loop-id"
0 0 24 3 1 #" "
0 0 14 3 1 #":"
0 0 24 3 1 #" "
0 0 14 3 1 #"c"
0 0 28 3 1 #","
0 0 24 3 1 #" "
0 0 14 3 8 #"outer-id"
0 0 24 3 1 #" "
0 0 14 3 1 #":"
0 0 24 3 1 #" "
0 0 14 3 1 #"a"
0 0 24 3 2 #" }"
0 0 24 29 1 #"\n"
0 0 24 3 13 #"             "
0 0 14 3 3 #"AND"
0 0 24 3 1 #" "
0 0 14 3 3 #"the"
0 0 24 3 1 #" "
0 0 14 3 3 #"ECR"
0 0 24 3 1 #" "
0 0 14 3 4 #"must"
0 0 24 3 1 #" "
0 0 14 3 3 #"not"
0 0 24 3 1 #" "
0 0 14 3 4 #"bind"
0 0 24 3 1 #" "
0 0 14 3 8 #"anything"
0 0 24 3 1 #" "
0 0 14 3 7 #"visible"
0 0 24 3 1 #" "
0 0 14 3 2 #"to"
0 0 24 3 1 #" "
0 0 14 3 3 #"the"
0 0 24 3 1 #" "
0 0 14 3 4 #"loop"
0 0 24 3 1 #" "
0 0 14 3 4 #"body"
0 0 24 29 1 #"\n"
0 0 24 3 17 #"                 "
0 0 14 3 6 #"except"
0 0 24 3 1 #" "
0 0 14 3 4 #"what"
0 0 24 3 1 #" "
0 0 14 3 2 #"is"
0 0 24 3 1 #" "
0 0 14 3 2 #"in"
0 0 24 3 1 #" "
0 0 14 3 1 #"G"
0 0 21 3 1 #"'"
0 0 24 3 2 #" ("
0 0 14 3 6 #"FIXME!"
0 0 24 3 1 #")"
0 0 24 29 1 #"\n"
0 0 24 29 1 #"\n"
0 0 14 3 7 #"Binding"
0 0 24 3 1 #" "
0 0 14 3 13 #"specification"
0 0 24 3 1 #" "
0 0 14 3 2 #"of"
0 0 24 3 1 #" "
0 0 14 3 1 #"a"
0 0 24 3 1 #" "
0 0 14 3 9 #"protected"
0 0 24 3 1 #" "
0 0 14 3 8 #"expanded"
0 0 24 3 1 #" "
0 0 14 3 6 #"clause"
0 0 24 3 1 #" "
0 0 14 3 6 #"record"
0 0 24 3 2 #" ("
0 0 14 3 10 #"simplified"
0 0 24 3 1 #")"
0 0 24 29 1 #"\n"
0 0 14 3 2 #"in"
0 0 24 3 1 #" "
0 0 14 3 2 #"an"
0 0 24 3 1 #" "
0 0 14 3 11 #"environment"
0 0 24 3 1 #" "
0 0 14 3 2 #"G:"
0 0 24 29 1 #"\n"
0 0 24 3 2 #"  "
0 0 14 3 4 #"PECR"
0 0 24 3 1 #"["
0 0 14 3 1 #"G"
0 0 24 3 2 #"]["
0 0 14 3 1 #"G"
0 0 21 3 1 #"'"
0 0 24 3 1 #"]"
0 0 24 29 1 #"\n"
0 0 14 3 3 #"::="
0 0 24 29 1 #"\n"
0 0 24 3 3 #"  ("
0 0 17 3 17 #";; outer bindings"
0 0 24 29 1 #"\n"
0 0 24 3 6 #"   ([("
0 0 14 3 8 #"outer-id"
0 0 24 3 1 #" "
0 0 14 3 1 #":"
0 0 24 3 1 #" "
0 0 14 3 2 #"Id"
0 0 24 3 2 #") "
0 0 14 3 9 #"outer-rhs"
0 0 24 3 1 #" "
0 0 14 3 1 #":"
0 0 24 3 1 #" "
0 0 14 3 4 #"Expr"
0 0 24 3 1 #"["
0 0 14 3 1 #"G"
0 0 24 3 2 #"]["
0 0 14 3 1 #"a"
0 0 24 3 2 #"]]"
0 0 24 29 1 #"\n"
0 0 24 3 6 #"    [("
0 0 14 3 12 #"outer-check*"
0 0 24 3 1 #" "
0 0 14 3 1 #":"
0 0 24 3 1 #" "
0 0 14 3 2 #"Id"
0 0 24 3 3 #") ("
0 0 14 3 9 #"lambda..."
0 0 24 3 2 #") "
0 0 14 3 1 #":"
0 0 24 3 1 #" "
0 0 14 3 1 #"a"
0 0 24 3 1 #" "
0 0 14 3 2 #"->"
0 0 24 3 1 #" "
0 0 14 3 4 #"Expr"
0 0 24 3 2 #"[("
0 0 14 3 5 #"List*"
0 0 24 3 1 #" "
0 0 14 3 3 #"Rib"
0 0 24 3 2 #"[{"
0 0 14 3 8 #"outer-id"
0 0 24 3 1 #" "
0 0 14 3 1 #":"
0 0 24 3 1 #" "
0 0 14 3 1 #"a"
0 0 24 3 3 #"}] "
0 0 14 3 1 #"G"
0 0 24 3 3 #")]["
0 0 14 3 3 #"Any"
0 0 24 3 2 #"]]"
0 0 24 29 1 #"\n"
0 0 24 3 6 #"    [("
0 0 14 3 10 #"loop-expr*"
0 0 24 3 1 #" "
0 0 14 3 1 #":"
0 0 24 3 1 #" "
0 0 14 3 2 #"Id"
0 0 24 3 3 #") ("
0 0 14 3 9 #"lambda..."
0 0 24 3 2 #") "
0 0 14 3 1 #":"
0 0 24 3 1 #" "
0 0 14 3 1 #"a"
0 0 24 3 1 #" "
0 0 14 3 2 #"->"
0 0 24 3 1 #" "
0 0 14 3 4 #"Expr"
0 0 24 3 2 #"[("
0 0 14 3 5 #"List*"
0 0 24 3 1 #" "
0 0 14 3 3 #"Rib"
0 0 24 3 2 #"[{"
0 0 14 3 8 #"outer-id"
0 0 24 3 1 #" "
0 0 14 3 1 #":"
0 0 24 3 1 #" "
0 0 14 3 1 #"a"
0 0 24 3 3 #"}] "
0 0 14 3 1 #"G"
0 0 24 3 3 #")]["
0 0 14 3 1 #"c"
0 0 24 3 2 #"]]"
0 0 24 29 1 #"\n"
0 0 24 3 6 #"    [("
0 0 14 3 10 #"pos-guard*"
0 0 24 3 1 #" "
0 0 14 3 1 #":"
0 0 24 3 1 #" "
0 0 14 3 2 #"Id"
0 0 24 3 3 #") ("
0 0 14 3 9 #"lambda..."
0 0 24 3 2 #") "
0 0 14 3 1 #":"
0 0 24 3 1 #" "
0 0 14 3 1 #"a"
0 0 24 3 1 #" "
0 0 14 3 1 #"c"
0 0 24 3 1 #" "
0 0 14 3 2 #"->"
0 0 24 3 1 #" "
0 0 14 3 4 #"Expr"
0 0 24 3 2 #"[("
0 0 14 3 5 #"List*"
0 0 24 3 1 #" "
0 0 14 3 3 #"Rib"
0 0 24 3 2 #"[{"
0 0 14 3 7 #"loop-id"
0 0 24 3 1 #" "
0 0 14 3 1 #":"
0 0 24 3 1 #" "
0 0 14 3 1 #"c"
0 0 24 3 3 #"}] "
0 0 14 3 3 #"Rib"
0 0 24 3 2 #"[{"
0 0 14 3 8 #"outer-id"
0 0 24 3 1 #" "
0 0 14 3 1 #":"
0 0 24 3 1 #" "
0 0 14 3 1 #"a"
0 0 24 3 3 #"}] "
0 0 14 3 1 #"G"
0 0 24 3 3 #")]["
0 0 14 3 3 #"Any"
0 0 24 3 2 #"]]"
0 0 24 29 1 #"\n"
0 0 24 3 6 #"    [("
0 0 14 3 10 #"inner-rhs*"
0 0 24 3 1 #" "
0 0 14 3 1 #":"
0 0 24 3 1 #" "
0 0 14 3 2 #"Id"
0 0 24 3 3 #") ("
0 0 14 3 9 #"lambda..."
0 0 24 3 2 #") "
0 0 14 3 1 #":"
0 0 24 3 1 #" "
0 0 14 3 1 #"a"
0 0 24 3 1 #" "
0 0 14 3 1 #"c"
0 0 24 3 1 #" "
0 0 14 3 2 #"->"
0 0 24 3 1 #" "
0 0 14 3 4 #"Expr"
0 0 24 3 2 #"[("
0 0 14 3 5 #"List*"
0 0 24 3 1 #" "
0 0 14 3 3 #"Rib"
0 0 24 3 2 #"[{"
0 0 14 3 7 #"loop-id"
0 0 24 3 1 #" "
0 0 14 3 1 #":"
0 0 24 3 1 #" "
0 0 14 3 1 #"c"
0 0 24 3 3 #"}] "
0 0 14 3 3 #"Rib"
0 0 24 3 2 #"[{"
0 0 14 3 8 #"outer-id"
0 0 24 3 1 #" "
0 0 14 3 1 #":"
0 0 24 3 1 #" "
0 0 14 3 1 #"a"
0 0 24 3 3 #"}] "
0 0 14 3 1 #"G"
0 0 24 3 3 #")]["
0 0 14 3 1 #"e"
0 0 24 3 3 #"]] "
0 0 14 3 3 #"..."
0 0 24 29 1 #"\n"
0 0 24 3 6 #"    [("
0 0 14 3 10 #"pre-guard*"
0 0 24 3 1 #" "
0 0 14 3 1 #":"
0 0 24 3 1 #" "
0 0 14 3 2 #"Id"
0 0 24 3 3 #") ("
0 0 14 3 9 #"lambda..."
0 0 24 3 2 #") "
0 0 14 3 1 #":"
0 0 24 3 1 #" "
0 0 14 3 1 #"a"
0 0 24 3 1 #" "
0 0 14 3 1 #"c"
0 0 24 3 1 #" "
0 0 14 3 1 #"e"
0 0 24 3 1 #" "
0 0 14 3 3 #"..."
0 0 24 3 1 #" "
0 0 14 3 2 #"->"
0 0 24 3 1 #" "
0 0 14 3 4 #"Expr"
0 0 24 3 2 #"[("
0 0 14 3 5 #"List*"
0 0 24 3 1 #" "
0 0 14 3 3 #"Rib"
0 0 24 3 2 #"[{"
0 0 14 3 8 #"inner-id"
0 0 24 3 1 #" "
0 0 14 3 1 #":"
0 0 24 3 1 #" "
0 0 14 3 1 #"e"
0 0 28 3 1 #","
0 0 24 3 1 #" "
0 0 14 3 3 #"..."
0 0 24 3 3 #"}] "
0 0 14 3 3 #"Rib"
0 0 24 3 2 #"[{"
0 0 14 3 7 #"loop-id"
0 0 24 3 1 #" "
0 0 14 3 1 #":"
0 0 24 3 1 #" "
0 0 14 3 1 #"c"
0 0 24 3 3 #"}] "
0 0 14 3 3 #"Rib"
0 0 24 3 2 #"[{"
0 0 14 3 8 #"outer-id"
0 0 24 3 1 #" "
0 0 14 3 1 #":"
0 0 24 3 1 #" "
0 0 14 3 1 #"a"
0 0 24 3 3 #"}] "
0 0 14 3 1 #"G"
0 0 24 3 3 #")]["
0 0 14 3 3 #"Any"
0 0 24 3 2 #"]]"
0 0 24 29 1 #"\n"
0 0 24 3 6 #"    [("
0 0 14 3 11 #"post-guard*"
0 0 24 3 1 #" "
0 0 14 3 1 #":"
0 0 24 3 1 #" "
0 0 14 3 2 #"Id"
0 0 24 3 3 #") ("
0 0 14 3 9 #"lambda..."
0 0 24 3 2 #") "
0 0 14 3 1 #":"
0 0 24 3 1 #" "
0 0 14 3 1 #"a"
0 0 24 3 1 #" "
0 0 14 3 1 #"c"
0 0 24 3 1 #" "
0 0 14 3 1 #"e"
0 0 24 3 1 #" "
0 0 14 3 3 #"..."
0 0 24 3 1 #" "
0 0 14 3 2 #"->"
0 0 24 3 1 #" "
0 0 14 3 4 #"Expr"
0 0 24 3 3 #"[[("
0 0 14 3 5 #"List*"
0 0 24 3 1 #" "
0 0 14 3 3 #"Rib"
0 0 24 3 2 #"[{"
0 0 14 3 8 #"inner-id"
0 0 24 3 1 #" "
0 0 14 3 1 #":"
0 0 24 3 1 #" "
0 0 14 3 1 #"e"
0 0 28 3 1 #","
0 0 24 3 1 #" "
0 0 14 3 3 #"..."
0 0 24 3 3 #"}] "
0 0 14 3 3 #"Rib"
0 0 24 3 2 #"[{"
0 0 14 3 7 #"loop-id"
0 0 24 3 1 #" "
0 0 14 3 1 #":"
0 0 24 3 1 #" "
0 0 14 3 1 #"c"
0 0 24 3 3 #"}] "
0 0 14 3 3 #"Rib"
0 0 24 3 2 #"[{"
0 0 14 3 8 #"outer-id"
0 0 24 3 1 #" "
0 0 14 3 1 #":"
0 0 24 3 1 #" "
0 0 14 3 1 #"a"
0 0 24 3 3 #"}] "
0 0 14 3 1 #"G"
0 0 24 3 4 #")]]["
0 0 14 3 3 #"Any"
0 0 24 3 2 #"]]"
0 0 24 29 1 #"\n"
0 0 24 3 6 #"    [("
0 0 14 3 9 #"loop-arg*"
0 0 24 3 1 #" "
0 0 14 3 1 #":"
0 0 24 3 1 #" "
0 0 14 3 2 #"Id"
0 0 24 3 3 #") ("
0 0 14 3 9 #"lambda..."
0 0 24 3 2 #") "
0 0 14 3 1 #":"
0 0 24 3 1 #" "
0 0 14 3 1 #"a"
0 0 24 3 1 #" "
0 0 14 3 1 #"c"
0 0 24 3 1 #" "
0 0 14 3 1 #"e"
0 0 24 3 1 #" "
0 0 14 3 3 #"..."
0 0 24 3 1 #" "
0 0 14 3 2 #"->"
0 0 24 3 1 #" "
0 0 14 3 4 #"Expr"
0 0 24 3 3 #"[[("
0 0 14 3 5 #"List*"
0 0 24 3 1 #" "
0 0 14 3 3 #"Rib"
0 0 24 3 2 #"[{"
0 0 14 3 8 #"inner-id"
0 0 24 3 1 #" "
0 0 14 3 1 #":"
0 0 24 3 1 #" "
0 0 14 3 1 #"e"
0 0 28 3 1 #","
0 0 24 3 1 #" "
0 0 14 3 3 #"..."
0 0 24 3 3 #"}] "
0 0 14 3 3 #"Rib"
0 0 24 3 2 #"[{"
0 0 14 3 7 #"loop-id"
0 0 24 3 1 #" "
0 0 14 3 1 #":"
0 0 24 3 1 #" "
0 0 14 3 1 #"c"
0 0 24 3 3 #"}] "
0 0 14 3 3 #"Rib"
0 0 24 3 2 #"[{"
0 0 14 3 8 #"outer-id"
0 0 24 3 1 #" "
0 0 14 3 1 #":"
0 0 24 3 1 #" "
0 0 14 3 1 #"a"
0 0 24 3 3 #"}] "
0 0 14 3 1 #"G"
0 0 24 3 4 #")]]["
0 0 14 3 1 #"c"
0 0 24 3 3 #"]])"
0 0 24 29 1 #"\n"
0 0 24 3 3 #"   "
0 0 17 3 14 #";; outer check"
0 0 24 29 1 #"\n"
0 0 24 3 3 #"   "
0 0 14 3 11 #"outer-check"
0 0 24 3 1 #" "
0 0 14 3 1 #"="
0 0 24 3 2 #" ("
0 0 14 3 15 #"outer-check*..."
0 0 24 3 2 #") "
0 0 14 3 1 #":"
0 0 24 3 1 #" "
0 0 14 3 4 #"Expr"
0 0 24 3 2 #"[("
0 0 14 3 5 #"List*"
0 0 24 3 1 #" "
0 0 14 3 3 #"Rib"
0 0 24 3 2 #"[{"
0 0 14 3 8 #"outer-id"
0 0 24 3 1 #" "
0 0 14 3 1 #":"
0 0 24 3 1 #" "
0 0 14 3 1 #"a"
0 0 24 3 3 #"}] "
0 0 14 3 1 #"G"
0 0 24 3 3 #")]["
0 0 14 3 3 #"Any"
0 0 24 3 1 #"]"
0 0 24 29 1 #"\n"
0 0 24 3 3 #"   "
0 0 17 3 16 #";; loop bindings"
0 0 24 29 1 #"\n"
0 0 24 3 5 #"   (["
0 0 14 3 7 #"loop-id"
0 0 24 3 1 #" "
0 0 14 3 1 #":"
0 0 24 3 1 #" "
0 0 14 3 2 #"Id"
0 0 24 3 1 #" "
0 0 14 3 9 #"loop-expr"
0 0 24 3 1 #" "
0 0 14 3 1 #"="
0 0 24 3 2 #" ("
0 0 14 3 13 #"loop-expr*..."
0 0 24 3 2 #") "
0 0 14 3 1 #":"
0 0 24 3 1 #" "
0 0 14 3 4 #"Expr"
0 0 24 3 2 #"[("
0 0 14 3 5 #"List*"
0 0 24 3 1 #" "
0 0 14 3 3 #"Rib"
0 0 24 3 2 #"[{"
0 0 14 3 8 #"outer-id"
0 0 24 3 1 #" "
0 0 14 3 1 #":"
0 0 24 3 1 #" "
0 0 14 3 1 #"a"
0 0 24 3 3 #"}] "
0 0 14 3 1 #"G"
0 0 24 3 3 #")]["
0 0 14 3 1 #"c"
0 0 24 3 3 #"]])"
0 0 24 29 1 #"\n"
0 0 24 3 3 #"   "
0 0 17 3 12 #";; pos check"
0 0 24 29 1 #"\n"
0 0 24 3 3 #"   "
0 0 14 3 9 #"pos-guard"
0 0 24 3 1 #" "
0 0 14 3 1 #"="
0 0 24 3 2 #" ("
0 0 14 3 10 #"pos-guard*"
0 0 24 3 1 #" "
0 0 14 3 17 #"<prev-bound-vars>"
0 0 24 3 2 #") "
0 0 14 3 1 #":"
0 0 24 3 1 #" "
0 0 14 3 4 #"Expr"
0 0 24 3 2 #"[("
0 0 14 3 5 #"List*"
0 0 24 3 1 #" "
0 0 14 3 3 #"Rib"
0 0 24 3 2 #"[{"
0 0 14 3 7 #"loop-id"
0 0 24 3 1 #" "
0 0 14 3 1 #":"
0 0 24 3 1 #" "
0 0 14 3 1 #"c"
0 0 24 3 3 #"}] "
0 0 14 3 3 #"Rib"
0 0 24 3 2 #"[{"
0 0 14 3 8 #"outer-id"
0 0 24 3 1 #" "
0 0 14 3 1 #":"
0 0 24 3 1 #" "
0 0 14 3 1 #"a"
0 0 24 3 3 #"}] "
0 0 14 3 1 #"G"
0 0 24 3 3 #")]["
0 0 14 3 3 #"Any"
0 0 24 3 1 #"]"
0 0 24 29 1 #"\n"
0 0 24 3 3 #"   "
0 0 17 3 17 #";; inner bindings"
0 0 24 29 1 #"\n"
0 0 24 3 5 #"   (["
0 0 14 3 8 #"inner-id"
0 0 24 3 1 #" "
0 0 14 3 1 #":"
0 0 24 3 1 #" "
0 0 14 3 2 #"Id"
0 0 24 3 1 #" "
0 0 14 3 9 #"inner-rhs"
0 0 24 3 1 #" "
0 0 14 3 1 #"="
0 0 24 3 2 #" ("
0 0 14 3 13 #"inner-rhs*..."
0 0 24 3 2 #") "
0 0 14 3 1 #":"
0 0 24 3 1 #" "
0 0 14 3 4 #"Expr"
0 0 24 3 2 #"[("
0 0 14 3 5 #"List*"
0 0 24 3 1 #" "
0 0 14 3 3 #"Rib"
0 0 24 3 2 #"[{"
0 0 14 3 7 #"loop-id"
0 0 24 3 1 #" "
0 0 14 3 1 #":"
0 0 24 3 1 #" "
0 0 14 3 1 #"c"
0 0 24 3 3 #"}] "
0 0 14 3 3 #"Rib"
0 0 24 3 2 #"[{"
0 0 14 3 8 #"outer-id"
0 0 24 3 1 #" "
0 0 14 3 1 #":"
0 0 24 3 1 #" "
0 0 14 3 1 #"a"
0 0 24 3 3 #"}] "
0 0 14 3 1 #"G"
0 0 24 3 3 #")]["
0 0 14 3 1 #"e"
0 0 24 3 3 #"]] "
0 0 14 3 3 #"..."
0 0 24 3 1 #")"
0 0 24 29 1 #"\n"
0 0 24 3 3 #"   "
0 0 17 3 12 #";; pre guard"
0 0 24 29 1 #"\n"
0 0 24 3 3 #"   "
0 0 14 3 9 #"pre-guard"
0 0 24 3 1 #" "
0 0 14 3 1 #"="
0 0 24 3 2 #" ("
0 0 14 3 13 #"pre-guard*..."
0 0 24 3 2 #") "
0 0 14 3 1 #":"
0 0 24 3 1 #" "
0 0 14 3 4 #"Expr"
0 0 24 3 2 #"[("
0 0 14 3 5 #"List*"
0 0 24 3 1 #" "
0 0 14 3 3 #"Rib"
0 0 24 3 2 #"[{"
0 0 14 3 8 #"inner-id"
0 0 24 3 1 #" "
0 0 14 3 1 #":"
0 0 24 3 1 #" "
0 0 14 3 1 #"e"
0 0 28 3 1 #","
0 0 24 3 1 #" "
0 0 14 3 3 #"..."
0 0 24 3 3 #"}] "
0 0 14 3 3 #"Rib"
0 0 24 3 2 #"[{"
0 0 14 3 7 #"loop-id"
0 0 24 3 1 #" "
0 0 14 3 1 #":"
0 0 24 3 1 #" "
0 0 14 3 1 #"c"
0 0 24 3 3 #"}] "
0 0 14 3 3 #"Rib"
0 0 24 3 2 #"[{"
0 0 14 3 8 #"outer-id"
0 0 24 3 1 #" "
0 0 14 3 1 #":"
0 0 24 3 1 #" "
0 0 14 3 1 #"a"
0 0 24 3 3 #"}] "
0 0 14 3 1 #"G"
0 0 24 3 3 #")]["
0 0 14 3 3 #"Any"
0 0 24 3 1 #"]"
0 0 24 29 1 #"\n"
0 0 24 3 3 #"   "
0 0 17 3 13 #";; post guard"
0 0 24 29 1 #"\n"
0 0 24 3 3 #"   "
0 0 14 3 10 #"post-guard"
0 0 24 3 1 #" "
0 0 14 3 1 #"="
0 0 24 3 2 #" ("
0 0 14 3 14 #"post-guard*..."
0 0 24 3 2 #") "
0 0 14 3 1 #":"
0 0 24 3 1 #" "
0 0 14 3 4 #"Expr"
0 0 24 3 2 #"[("
0 0 14 3 5 #"List*"
0 0 24 3 1 #" "
0 0 14 3 3 #"Rib"
0 0 24 3 2 #"[{"
0 0 14 3 8 #"inner-id"
0 0 24 3 1 #" "
0 0 14 3 1 #":"
0 0 24 3 1 #" "
0 0 14 3 1 #"e"
0 0 28 3 1 #","
0 0 24 3 1 #" "
0 0 14 3 3 #"..."
0 0 24 3 3 #"}] "
0 0 14 3 3 #"Rib"
0 0 24 3 2 #"[{"
0 0 14 3 7 #"loop-id"
0 0 24 3 1 #" "
0 0 14 3 1 #":"
0 0 24 3 1 #" "
0 0 14 3 1 #"c"
0 0 24 3 3 #"}] "
0 0 14 3 3 #"Rib"
0 0 24 3 2 #"[{"
0 0 14 3 8 #"outer-id"
0 0 24 3 1 #" "
0 0 14 3 1 #":"
0 0 24 3 1 #" "
0 0 14 3 1 #"a"
0 0 24 3 3 #"}] "
0 0 14 3 1 #"G"
0 0 24 3 3 #")]["
0 0 14 3 3 #"Any"
0 0 24 3 1 #"]"
0 0 24 29 1 #"\n"
0 0 24 3 3 #"   "
0 0 17 3 12 #";; loop args"
0 0 24 29 1 #"\n"
0 0 24 3 4 #"   ("
0 0 14 3 8 #"loop-arg"
0 0 24 3 1 #" "
0 0 14 3 1 #"="
0 0 24 3 2 #" ("
0 0 14 3 12 #"loop-arg*..."
0 0 24 3 2 #") "
0 0 14 3 1 #":"
0 0 24 3 1 #" "
0 0 14 3 4 #"Expr"
0 0 24 3 2 #"[("
0 0 14 3 5 #"List*"
0 0 24 3 1 #" "
0 0 14 3 3 #"Rib"
0 0 24 3 2 #"[{"
0 0 14 3 8 #"inner-id"
0 0 24 3 1 #" "
0 0 14 3 1 #":"
0 0 24 3 1 #" "
0 0 14 3 1 #"e"
0 0 28 3 1 #","
0 0 24 3 1 #" "
0 0 14 3 3 #"..."
0 0 24 3 3 #"}] "
0 0 14 3 3 #"Rib"
0 0 24 3 2 #"[{"
0 0 14 3 7 #"loop-id"
0 0 24 3 1 #" "
0 0 14 3 1 #":"
0 0 24 3 1 #" "
0 0 14 3 1 #"c"
0 0 24 3 3 #"}] "
0 0 14 3 3 #"Rib"
0 0 24 3 2 #"[{"
0 0 14 3 8 #"outer-id"
0 0 24 3 1 #" "
0 0 14 3 1 #":"
0 0 24 3 1 #" "
0 0 14 3 1 #"a"
0 0 24 3 3 #"}] "
0 0 14 3 1 #"G"
0 0 24 3 3 #")]["
0 0 14 3 1 #"c"
0 0 24 3 3 #"]))"
0 0 24 29 1 #"\n"
0 0 24 3 2 #"  "
0 0 14 3 5 #"where"
0 0 24 3 1 #" "
0 0 14 3 1 #"G"
0 0 21 3 1 #"'"
0 0 24 3 1 #" "
0 0 14 3 3 #"\342\212\202"
0 0 24 3 3 #" { "
0 0 14 3 8 #"inner-id"
0 0 24 3 1 #" "
0 0 14 3 1 #":"
0 0 24 3 1 #" "
0 0 14 3 1 #"e"
0 0 28 3 1 #","
0 0 24 3 1 #" "
0 0 14 3 3 #"..."
0 0 28 3 1 #","
0 0 24 3 1 #" "
0 0 14 3 7 #"loop-id"
0 0 24 3 1 #" "
0 0 14 3 1 #":"
0 0 24 3 1 #" "
0 0 14 3 1 #"c"
0 0 28 3 1 #","
0 0 24 3 1 #" "
0 0 14 3 8 #"outer-id"
0 0 24 3 1 #" "
0 0 14 3 1 #":"
0 0 24 3 1 #" "
0 0 14 3 1 #"a"
0 0 24 3 2 #" }"
0 0 24 29 1 #"\n"
0 0 24 3 13 #"             "
0 0 14 3 3 #"AND"
0 0 24 3 1 #" "
0 0 14 3 3 #"the"
0 0 24 3 1 #" "
0 0 14 3 3 #"ECR"
0 0 24 3 1 #" "
0 0 14 3 4 #"must"
0 0 24 3 1 #" "
0 0 14 3 3 #"not"
0 0 24 3 1 #" "
0 0 14 3 4 #"bind"
0 0 24 3 1 #" "
0 0 14 3 8 #"anything"
0 0 24 3 1 #" "
0 0 14 3 7 #"visible"
0 0 24 3 1 #" "
0 0 14 3 2 #"to"
0 0 24 3 1 #" "
0 0 14 3 3 #"the"
0 0 24 3 1 #" "
0 0 14 3 4 #"loop"
0 0 24 3 1 #" "
0 0 14 3 4 #"body"
0 0 24 29 1 #"\n"
0 0 24 3 17 #"                 "
0 0 14 3 6 #"except"
0 0 24 3 1 #" "
0 0 14 3 4 #"what"
0 0 24 3 1 #" "
0 0 14 3 2 #"is"
0 0 24 3 1 #" "
0 0 14 3 2 #"in"
0 0 24 3 1 #" "
0 0 14 3 1 #"G"
0 0 21 3 1 #"'"
0 0 24 3 2 #" ("
0 0 14 3 6 #"FIXME!"
0 0 24 3 1 #")"
0 0 24 29 1 #"\n"
0 0 24 29 1 #"\n"
0 0 14 3 7 #"Binding"
0 0 24 3 1 #" "
0 0 14 3 13 #"specification"
0 0 24 3 1 #" "
0 0 14 3 2 #"of"
0 0 24 3 1 #" "
0 0 14 3 2 #"an"
0 0 24 3 1 #" "
0 0 14 3 8 #"expanded"
0 0 24 3 1 #" "
0 0 14 3 6 #"clause"
0 0 24 3 1 #" "
0 0 14 3 6 #"record"
0 0 24 3 2 #" ("
0 0 14 3 10 #"simplified"
0 0 24 3 1 #")"
0 0 24 29 1 #"\n"
0 0 14 3 2 #"in"
0 0 24 3 1 #" "
0 0 14 3 2 #"an"
0 0 24 3 1 #" "
0 0 14 3 11 #"environment"
0 0 24 3 1 #" "
0 0 14 3 2 #"G:"
0 0 24 29 1 #"\n"
0 0 24 3 2 #"  "
0 0 14 3 7 #"ECR-ILS"
0 0 24 3 1 #"["
0 0 14 3 1 #"G"
0 0 24 3 2 #"]["
0 0 14 3 1 #"G"
0 0 21 3 1 #"'"
0 0 24 3 2 #"]["
0 0 14 3 5 #"other"
0 0 24 3 3 #"][{"
0 0 14 3 10 #"outer-id:a"
0 0 28 3 1 #","
0 0 24 3 1 #" "
0 0 14 3 3 #"..."
0 0 24 3 4 #"}][{"
0 0 14 3 9 #"loop-id:c"
0 0 28 3 1 #","
0 0 24 3 1 #" "
0 0 14 3 3 #"..."
0 0 24 3 4 #"}][{"
0 0 14 3 10 #"inner-id:e"
0 0 28 3 1 #","
0 0 14 3 3 #"..."
0 0 24 3 2 #"}]"
0 0 24 29 1 #"\n"
0 0 14 3 3 #"::="
0 0 24 29 1 #"\n"
0 0 24 3 3 #"  ("
0 0 17 3 17 #";; outer bindings"
0 0 24 29 1 #"\n"
0 0 24 3 6 #"   ([("
0 0 14 3 8 #"outer-id"
0 0 24 3 1 #" "
0 0 14 3 1 #":"
0 0 24 3 1 #" "
0 0 14 3 2 #"Id"
0 0 24 3 2 #") "
0 0 14 3 9 #"outer-rhs"
0 0 24 3 1 #" "
0 0 14 3 1 #":"
0 0 24 3 1 #" "
0 0 14 3 4 #"Expr"
0 0 24 3 1 #"["
0 0 14 3 1 #"G"
0 0 24 3 2 #"]["
0 0 14 3 1 #"a"
0 0 24 3 3 #"]])"
0 0 24 29 1 #"\n"
0 0 24 3 3 #"   "
0 0 17 3 16 #";; loop bindings"
0 0 24 29 1 #"\n"
0 0 24 3 5 #"   (["
0 0 14 3 7 #"loop-id"
0 0 24 3 1 #" "
0 0 14 3 1 #":"
0 0 24 3 1 #" "
0 0 14 3 2 #"Id"
0 0 24 3 1 #" "
0 0 14 3 9 #"loop-expr"
0 0 24 3 1 #" "
0 0 14 3 1 #":"
0 0 24 3 1 #" "
0 0 14 3 4 #"Expr"
0 0 24 3 1 #"["
0 0 14 3 1 #"G"
0 0 28 3 1 #","
0 0 24 3 1 #" "
0 0 14 3 8 #"outer-id"
0 0 24 3 1 #" "
0 0 14 3 1 #":"
0 0 24 3 1 #" "
0 0 14 3 1 #"a"
0 0 28 3 1 #","
0 0 24 3 1 #" "
0 0 14 3 14 #"other.outer-id"
0 0 24 3 1 #" "
0 0 14 3 1 #":"
0 0 24 3 1 #" "
0 0 14 3 7 #"other.a"
0 0 24 3 2 #"]["
0 0 14 3 1 #"c"
0 0 24 3 3 #"]])"
0 0 24 29 1 #"\n"
0 0 24 3 3 #"   "
0 0 17 3 12 #";; pos check"
0 0 24 29 1 #"\n"
0 0 24 3 3 #"   "
0 0 14 3 9 #"pos-guard"
0 0 24 3 1 #" "
0 0 14 3 1 #":"
0 0 24 3 1 #" "
0 0 14 3 4 #"Expr"
0 0 24 3 1 #"["
0 0 14 3 1 #"G"
0 0 28 3 1 #","
0 0 24 3 1 #" "
0 0 14 3 8 #"outer-id"
0 0 24 3 1 #" "
0 0 14 3 1 #":"
0 0 24 3 1 #" "
0 0 14 3 1 #"a"
0 0 28 3 1 #","
0 0 24 3 2 #"  "
0 0 14 3 14 #"other.outer-id"
0 0 24 3 1 #" "
0 0 14 3 1 #":"
0 0 24 3 1 #" "
0 0 14 3 7 #"other.a"
0 0 28 3 1 #","
0 0 24 3 1 #" "
0 0 14 3 7 #"loop-id"
0 0 24 3 1 #" "
0 0 14 3 1 #":"
0 0 24 3 1 #" "
0 0 14 3 1 #"c"
0 0 28 3 1 #","
0 0 24 3 1 #" "
0 0 14 3 13 #"other.loop-id"
0 0 24 3 1 #" "
0 0 14 3 1 #":"
0 0 24 3 1 #" "
0 0 14 3 7 #"other.c"
0 0 24 3 2 #"]["
0 0 14 3 3 #"Any"
0 0 24 3 1 #"]"
0 0 24 29 1 #"\n"
0 0 24 3 3 #"   "
0 0 17 3 17 #";; inner bindings"
0 0 24 29 1 #"\n"
0 0 24 3 5 #"   (["
0 0 14 3 8 #"inner-id"
0 0 24 3 1 #" "
0 0 14 3 9 #"inner-rhs"
0 0 24 3 1 #" "
0 0 14 3 1 #":"
0 0 24 3 1 #" "
0 0 14 3 4 #"Expr"
0 0 24 3 1 #"["
0 0 14 3 1 #"G"
0 0 28 3 1 #","
0 0 24 3 1 #" "
0 0 14 3 8 #"outer-id"
0 0 24 3 1 #" "
0 0 14 3 1 #":"
0 0 24 3 1 #" "
0 0 14 3 1 #"a"
0 0 28 3 1 #","
0 0 24 3 1 #" "
0 0 14 3 14 #"other.outer-id"
0 0 24 3 1 #" "
0 0 14 3 1 #":"
0 0 24 3 1 #" "
0 0 14 3 7 #"other.a"
0 0 28 3 1 #","
0 0 24 3 1 #" "
0 0 14 3 7 #"loop-id"
0 0 24 3 1 #" "
0 0 14 3 1 #":"
0 0 24 3 1 #" "
0 0 14 3 1 #"c"
0 0 28 3 1 #","
0 0 24 3 1 #" "
0 0 14 3 13 #"other.loop-id"
0 0 24 3 1 #" "
0 0 14 3 1 #":"
0 0 24 3 1 #" "
0 0 14 3 7 #"other.c"
0 0 24 3 2 #"]["
0 0 14 3 1 #"e"
0 0 24 3 3 #"]] "
0 0 14 3 3 #"..."
0 0 24 3 1 #")"
0 0 24 29 1 #"\n"
0 0 24 3 3 #"   "
0 0 17 3 12 #";; pre guard"
0 0 24 29 1 #"\n"
0 0 24 3 3 #"   "
0 0 14 3 9 #"pre-guard"
0 0 24 3 1 #" "
0 0 14 3 1 #":"
0 0 24 3 1 #" "
0 0 14 3 4 #"Expr"
0 0 24 3 1 #"["
0 0 14 3 1 #"G"
0 0 28 3 1 #","
0 0 24 3 1 #" "
0 0 14 3 8 #"outer-id"
0 0 24 3 1 #" "
0 0 14 3 1 #":"
0 0 24 3 1 #" "
0 0 14 3 1 #"a"
0 0 28 3 1 #","
0 0 24 3 1 #" "
0 0 14 3 14 #"other.outer-id"
0 0 24 3 1 #" "
0 0 14 3 1 #":"
0 0 24 3 1 #" "
0 0 14 3 7 #"other.a"
0 0 28 3 1 #","
0 0 24 3 1 #" "
0 0 14 3 7 #"loop-id"
0 0 24 3 1 #" "
0 0 14 3 1 #":"
0 0 24 3 1 #" "
0 0 14 3 1 #"c"
0 0 28 3 1 #","
0 0 24 3 1 #" "
0 0 14 3 13 #"other.loop-id"
0 0 24 3 1 #" "
0 0 14 3 1 #":"
0 0 24 3 1 #" "
0 0 14 3 7 #"other.c"
0 0 28 3 1 #","
0 0 24 3 1 #" "
0 0 14 3 8 #"inner-id"
0 0 24 3 1 #" "
0 0 14 3 1 #":"
0 0 24 3 1 #" "
0 0 14 3 1 #"e"
0 0 28 3 1 #","
0 0 24 3 1 #" "
0 0 14 3 3 #"..."
0 0 28 3 1 #","
0 0 24 3 1 #" "
0 0 14 3 14 #"other.inner-id"
0 0 24 3 1 #" "
0 0 14 3 1 #":"
0 0 24 3 1 #" "
0 0 14 3 7 #"other.e"
0 0 28 3 1 #","
0 0 24 3 1 #" "
0 0 14 3 3 #"..."
0 0 24 3 2 #"]["
0 0 14 3 3 #"Any"
0 0 24 3 1 #"]"
0 0 24 29 1 #"\n"
0 0 24 3 3 #"   "
0 0 17 3 13 #";; post guard"
0 0 24 29 1 #"\n"
0 0 24 3 3 #"   "
0 0 14 3 10 #"post-guard"
0 0 24 3 1 #" "
0 0 14 3 1 #":"
0 0 24 3 1 #" "
0 0 14 3 4 #"Expr"
0 0 24 3 1 #"["
0 0 14 3 1 #"G"
0 0 28 3 1 #","
0 0 24 3 1 #" "
0 0 14 3 8 #"outer-id"
0 0 24 3 1 #" "
0 0 14 3 1 #":"
0 0 24 3 1 #" "
0 0 14 3 1 #"a"
0 0 28 3 1 #","
0 0 24 3 1 #" "
0 0 14 3 14 #"other.outer-id"
0 0 24 3 1 #" "
0 0 14 3 1 #":"
0 0 24 3 1 #" "
0 0 14 3 7 #"other.a"
0 0 28 3 1 #","
0 0 24 3 1 #" "
0 0 14 3 7 #"loop-id"
0 0 24 3 1 #" "
0 0 14 3 1 #":"
0 0 24 3 1 #" "
0 0 14 3 1 #"c"
0 0 28 3 1 #","
0 0 24 3 1 #" "
0 0 14 3 13 #"other.loop-id"
0 0 24 3 1 #" "
0 0 14 3 1 #":"
0 0 24 3 1 #" "
0 0 14 3 7 #"other.c"
0 0 28 3 1 #","
0 0 24 3 1 #" "
0 0 14 3 8 #"inner-id"
0 0 24 3 1 #" "
0 0 14 3 1 #":"
0 0 24 3 1 #" "
0 0 14 3 1 #"e"
0 0 28 3 1 #","
0 0 24 3 1 #" "
0 0 14 3 3 #"..."
0 0 28 3 1 #","
0 0 24 3 1 #" "
0 0 14 3 14 #"other.inner-id"
0 0 24 3 1 #" "
0 0 14 3 1 #":"
0 0 24 3 1 #" "
0 0 14 3 7 #"other.e"
0 0 28 3 1 #","
0 0 24 3 1 #" "
0 0 14 3 3 #"..."
0 0 24 3 2 #"]["
0 0 14 3 3 #"Any"
0 0 24 3 1 #"]"
0 0 24 29 1 #"\n"
0 0 24 3 3 #"   "
0 0 17 3 12 #";; loop args"
0 0 24 29 1 #"\n"
0 0 24 3 4 #"   ("
0 0 14 3 8 #"loop-arg"
0 0 24 3 1 #" "
0 0 14 3 1 #":"
0 0 24 3 1 #" "
0 0 14 3 4 #"Expr"
0 0 24 3 1 #"["
0 0 14 3 1 #"G"
0 0 28 3 1 #","
0 0 24 3 1 #" "
0 0 14 3 8 #"outer-id"
0 0 24 3 1 #" "
0 0 14 3 1 #":"
0 0 24 3 1 #" "
0 0 14 3 1 #"a"
0 0 28 3 1 #","
0 0 24 3 1 #" "
0 0 14 3 14 #"other.outer-id"
0 0 24 3 1 #" "
0 0 14 3 1 #":"
0 0 24 3 1 #" "
0 0 14 3 7 #"other.a"
0 0 28 3 1 #","
0 0 24 3 1 #" "
0 0 14 3 7 #"loop-id"
0 0 24 3 1 #" "
0 0 14 3 1 #":"
0 0 24 3 1 #" "
0 0 14 3 1 #"c"
0 0 28 3 1 #","
0 0 24 3 1 #" "
0 0 14 3 13 #"other.loop-id"
0 0 24 3 1 #" "
0 0 14 3 1 #":"
0 0 24 3 1 #" "
0 0 14 3 7 #"other.c"
0 0 28 3 1 #","
0 0 24 3 1 #" "
0 0 14 3 8 #"inner-id"
0 0 24 3 1 #" "
0 0 14 3 1 #":"
0 0 24 3 1 #" "
0 0 14 3 1 #"e"
0 0 28 3 1 #","
0 0 24 3 1 #" "
0 0 14 3 3 #"..."
0 0 28 3 1 #","
0 0 24 3 1 #" "
0 0 14 3 14 #"other.inner-id"
0 0 24 3 1 #" "
0 0 14 3 1 #":"
0 0 24 3 1 #" "
0 0 14 3 7 #"other.e"
0 0 28 3 1 #","
0 0 24 3 1 #" "
0 0 14 3 3 #"..."
0 0 24 3 2 #"]["
0 0 14 3 1 #"c"
0 0 24 3 3 #"]))"
0 0 24 29 1 #"\n"
0 0 24 3 2 #"  "
0 0 14 3 5 #"where"
0 0 24 3 1 #" "
0 0 14 3 1 #"G"
0 0 21 3 1 #"'"
0 0 24 3 1 #" "
0 0 14 3 1 #"="
0 0 24 3 3 #" { "
0 0 14 3 8 #"inner-id"
0 0 24 3 1 #" "
0 0 14 3 1 #":"
0 0 24 3 1 #" "
0 0 14 3 1 #"e"
0 0 28 3 1 #","
0 0 24 3 1 #" "
0 0 14 3 3 #"..."
0 0 24 3 3 #" } "
0 0 14 3 6 #"WRONG!"
0 0 24 29 1 #"\n"
0 0 24 3 2 #"  "
0 0 14 3 5 #"where"
0 0 24 3 1 #" "
0 0 14 3 1 #"G"
0 0 21 3 1 #"'"
0 0 24 3 1 #" "
0 0 14 3 3 #"\342\212\202"
0 0 24 3 3 #" { "
0 0 14 3 8 #"inner-id"
0 0 24 3 1 #" "
0 0 14 3 1 #":"
0 0 24 3 1 #" "
0 0 14 3 1 #"e"
0 0 28 3 1 #","
0 0 24 3 1 #" "
0 0 14 3 3 #"..."
0 0 28 3 1 #","
0 0 24 3 1 #" "
0 0 14 3 7 #"loop-id"
0 0 24 3 1 #" "
0 0 14 3 1 #":"
0 0 24 3 1 #" "
0 0 14 3 1 #"c"
0 0 28 3 1 #","
0 0 24 3 1 #" "
0 0 14 3 8 #"outer-id"
0 0 24 3 1 #" "
0 0 14 3 1 #":"
0 0 24 3 1 #" "
0 0 14 3 1 #"a"
0 0 24 3 2 #" }"
0 0 24 29 1 #"\n"
0 0 24 3 13 #"             "
0 0 14 3 3 #"AND"
0 0 24 3 1 #" "
0 0 14 3 3 #"the"
0 0 24 3 1 #" "
0 0 14 3 3 #"ECR"
0 0 24 3 1 #" "
0 0 14 3 4 #"must"
0 0 24 3 1 #" "
0 0 14 3 3 #"not"
0 0 24 3 1 #" "
0 0 14 3 4 #"bind"
0 0 24 3 1 #" "
0 0 14 3 8 #"anything"
0 0 24 3 1 #" "
0 0 14 3 7 #"visible"
0 0 24 3 1 #" "
0 0 14 3 2 #"to"
0 0 24 3 1 #" "
0 0 14 3 3 #"the"
0 0 24 3 1 #" "
0 0 14 3 4 #"loop"
0 0 24 3 1 #" "
0 0 14 3 4 #"body"
0 0 24 29 1 #"\n"
0 0 24 3 17 #"                 "
0 0 14 3 6 #"except"
0 0 24 3 1 #" "
0 0 14 3 4 #"what"
0 0 24 3 1 #" "
0 0 14 3 2 #"is"
0 0 24 3 1 #" "
0 0 14 3 2 #"in"
0 0 24 3 1 #" "
0 0 14 3 1 #"G"
0 0 21 3 1 #"'"
0 0 24 3 2 #" ("
0 0 14 3 6 #"FIXME!"
0 0 24 3 1 #")"
0 0 24 29 1 #"\n"
0 0 24 29 1 #"\n"
0 0 14 3 2 #"--"
0 0 24 29 1 #"\n"
0 0 24 29 1 #"\n"
0 0 17 3 74
(
 #";; A bind-chunk[G][G'] is a maximal, non-empty sequence of binding c"
 #"lauses"
) 0 0 24 29 1 #"\n"
0 0 17 3 44 #";; whose expressions have base environment G"
0 0 24 29 1 #"\n"
0 0 17 3 74
(
 #";; and G' describes the identifiers (and their types) bound by the c"
 #"lauses"
) 0 0 24 29 1 #"\n"
0 0 24 29 1 #"\n"
0 0 14 3 10 #"bind-chunk"
0 0 24 3 1 #"["
0 0 14 3 1 #"G"
0 0 24 3 2 #"]["
0 0 14 3 3 #"\342\210\252"
0 0 24 3 1 #"{"
0 0 14 3 1 #"G"
0 0 21 3 1 #"'"
0 0 24 3 3 #"}] "
0 0 14 3 3 #"::="
0 0 24 3 1 #" "
0 0 14 3 13 #"BindingClause"
0 0 24 3 1 #"["
0 0 14 3 1 #"G"
0 0 24 3 2 #"]["
0 0 14 3 1 #"G"
0 0 21 3 1 #"'"
0 0 24 3 2 #"] "
0 0 14 3 4 #"...+"
0 0 24 29 1 #"\n"
0 0 24 29 1 #"\n"
0 0 14 3 3 #"OLD"
0 0 24 3 1 #" "
0 0 14 3 17 #"expand-for-clause"
0 0 24 3 4 #"    "
0 0 14 3 1 #":"
0 0 24 3 1 #" "
0 0 14 3 6 #"Syntax"
0 0 24 3 1 #" "
0 0 14 3 13 #"BindingClause"
0 0 24 3 1 #"["
0 0 14 3 1 #"G"
0 0 24 3 2 #"]["
0 0 14 3 1 #"G"
0 0 21 3 1 #"'"
0 0 24 3 2 #"] "
0 0 14 3 2 #"->"
0 0 24 3 1 #" "
0 0 14 3 3 #"ECR"
0 0 24 3 1 #"["
0 0 14 3 1 #"G"
0 0 24 3 2 #"]["
0 0 14 3 1 #"G"
0 0 21 3 1 #"'"
0 0 24 3 1 #"]"
0 0 24 29 1 #"\n"
0 0 24 29 1 #"\n"
0 0 14 3 17 #"expand-for-clause"
0 0 24 3 4 #"    "
0 0 14 3 1 #":"
0 0 24 3 1 #" "
0 0 14 3 6 #"Syntax"
0 0 24 3 1 #" "
0 0 14 3 13 #"BindingClause"
0 0 24 3 1 #"["
0 0 14 3 1 #"G"
0 0 24 3 2 #"]["
0 0 14 3 1 #"G"
0 0 21 3 1 #"'"
0 0 24 3 1 #"]"
0 0 24 29 1 #"\n"
0 0 24 3 20 #"                    "
0 0 14 3 2 #"->"
0 0 24 3 1 #" "
0 0 14 3 3 #"\342\210\203"
0 0 24 3 1 #"("
0 0 14 3 2 #"Go"
0 0 28 3 1 #","
0 0 14 3 2 #"Gl"
0 0 28 3 1 #","
0 0 14 3 2 #"Gi"
0 0 24 3 1 #")"
0 0 14 3 1 #":"
0 0 24 3 1 #" "
0 0 14 3 3 #"ECR"
0 0 24 3 1 #"["
0 0 14 3 1 #"G"
0 0 24 3 2 #"]["
0 0 14 3 1 #"G"
0 0 21 3 1 #"'"
0 0 24 3 2 #"]["
0 0 14 3 2 #"Go"
0 0 24 3 2 #"]["
0 0 14 3 2 #"Gl"
0 0 24 3 2 #"]["
0 0 14 3 2 #"Gi"
0 0 24 3 1 #"]"
0 0 24 29 1 #"\n"
0 0 24 29 1 #"\n"
0 0 14 3 2 #"--"
0 0 24 3 1 #" "
0 0 14 3 2 #"Is"
0 0 24 3 1 #" "
0 0 14 3 1 #"G"
0 0 24 3 1 #" "
0 0 14 3 7 #"related"
0 0 24 3 1 #" "
0 0 14 3 2 #"to"
0 0 24 3 1 #" "
0 0 14 3 3 #"the"
0 0 24 3 1 #" "
0 0 14 3 7 #"current"
0 0 24 3 1 #" "
0 0 14 3 9 #"expansion"
0 0 24 3 1 #" "
0 0 14 3 11 #"environment"
0 0 24 3 1 #" "
0 0 15 3 4 #"when"
0 0 24 29 1 #"\n"
0 0 24 3 3 #"   "
0 0 14 3 17 #"expand-for-clause"
0 0 24 3 1 #" "
0 0 14 3 2 #"is"
0 0 24 3 1 #" "
0 0 14 3 7 #"called?"
0 0 24 3 2 #" ("
0 0 14 3 6 #"FIXME?"
0 0 24 3 1 #")"
0 0 24 29 1 #"\n"
0 0 24 29 1 #"\n"
0 0 14 3 20 #"merge-clause-records"
0 0 24 3 1 #" "
0 0 14 3 1 #":"
0 0 24 3 2 #" ("
0 0 14 3 6 #"Listof"
0 0 24 3 1 #" "
0 0 14 3 3 #"ECR"
0 0 24 3 1 #"["
0 0 14 3 1 #"G"
0 0 24 3 2 #"]["
0 0 14 3 1 #"G"
0 0 21 3 1 #"'"
0 0 24 3 3 #"]) "
0 0 14 3 2 #"->"
0 0 24 3 1 #" "
0 0 14 3 3 #"ECR"
0 0 24 3 1 #"["
0 0 14 3 1 #"G"
0 0 24 3 2 #"]["
0 0 14 3 3 #"\342\210\252"
0 0 24 3 1 #"{"
0 0 14 3 1 #"G"
0 0 21 3 1 #"'"
0 0 24 3 2 #"}]"
0 0 24 29 1 #"\n"
0 0 14 3 2 #"--"
0 0 24 3 1 #" "
0 0 14 3 7 #"Binding"
0 0 24 3 1 #" "
0 0 14 3 13 #"specification"
0 0 24 3 1 #" "
0 0 14 3 2 #"of"
0 0 24 3 1 #" "
0 0 14 3 12 #"do/sequence2"
0 0 24 3 1 #" "
0 0 14 3 2 #"--"
0 0 24 29 1 #"\n"
0 0 14 3 7 #"Binding"
0 0 24 3 1 #" "
0 0 14 3 13 #"specification"
0 0 24 3 1 #" "
0 0 14 3 2 #"of"
0 0 24 3 1 #" "
0 0 14 3 12 #"do/sequence2"
0 0 24 3 1 #" "
0 0 14 3 2 #"in"
0 0 24 3 1 #" "
0 0 14 3 2 #"an"
0 0 24 3 1 #" "
0 0 14 3 11 #"environment"
0 0 24 3 1 #" "
0 0 14 3 2 #"G:"
0 0 24 29 1 #"\n"
0 0 24 3 2 #"  "
0 0 17 3 60
#";; For simplicity, we can assume that bind-chunk consists of"
0 0 24 29 1 #"\n"
0 0 24 3 2 #"  "
0 0 17 3 80
(
 #";; just one binding clause. For multiple clauses: bind-chunk[G][Oute"
 #"rECR[G] ...]"
) 0 0 24 29 1 #"\n"
0 0 24 29 1 #"\n"
0 0 24 3 2 #"[("
0 0 14 3 2 #"id"
0 0 24 3 1 #" "
0 0 14 3 3 #"..."
0 0 24 3 3 #") ("
0 0 14 3 12 #"do/sequence2"
0 0 24 3 1 #" "
0 0 14 3 9 #"BindChunk"
0 0 24 3 1 #"["
0 0 14 3 1 #"G"
0 0 24 3 2 #"]["
0 0 14 3 1 #"G"
0 0 21 3 1 #"'"
0 0 24 3 2 #"] "
0 0 14 3 4 #"Expr"
0 0 24 3 1 #"["
0 0 14 3 1 #"G"
0 0 28 3 1 #","
0 0 14 3 1 #"G"
0 0 21 3 1 #"'"
0 0 24 3 3 #"][("
0 0 14 3 10 #"sequenceof"
0 0 24 3 2 #" ("
0 0 14 3 6 #"values"
0 0 24 3 1 #" "
0 0 14 3 1 #"t"
0 0 24 3 1 #" "
0 0 14 3 3 #"..."
0 0 24 3 4 #"))])"
0 0 24 29 1 #"\n"
0 0 24 3 2 #"  "
0 0 14 3 1 #":"
0 0 24 3 1 #" "
0 0 14 3 13 #"BindingClause"
0 0 24 3 1 #"["
0 0 14 3 1 #"G"
0 0 24 3 3 #"][{"
0 0 14 3 4 #"id:t"
0 0 28 3 1 #","
0 0 24 3 1 #" "
0 0 14 3 3 #"..."
0 0 24 3 2 #"}]"
0 0 24 29 1 #"\n"
0 0 24 29 1 #"\n"
0 0 17 3 70
(
 #";; [(x y) (do/sequence2 ([x '(1 2 3)]) (list x (+ x 1)))] NOT ALLOWE"
 #"D!"
) 0 0 24 29 1 #"\n"
0 0 24 29 1 #"\n"
0 0 14 3 2 #"--"
0 0 24 3 1 #" "
0 0 14 3 9 #"Expansion"
0 0 24 3 1 #" "
0 0 14 3 2 #"of"
0 0 24 3 1 #" "
0 0 14 3 12 #"do/sequence2"
0 0 24 3 1 #" "
0 0 14 3 2 #"--"
0 0 24 29 1 #"\n"
0 0 24 29 1 #"\n"
0 0 24 3 2 #"[("
0 0 14 3 2 #"id"
0 0 24 3 1 #" "
0 0 14 3 3 #"..."
0 0 24 3 3 #") ("
0 0 14 3 12 #"do/sequence2"
0 0 24 3 1 #" "
0 0 14 3 17 #"outer-bind-clause"
0 0 24 3 1 #" "
0 0 14 3 8 #"seq-expr"
0 0 24 3 3 #")] "
0 0 14 3 1 #":"
0 0 24 3 1 #" "
0 0 14 3 13 #"BindingClause"
0 0 24 3 1 #"["
0 0 14 3 1 #"G"
0 0 24 3 3 #"][{"
0 0 14 3 4 #"id:t"
0 0 28 3 1 #","
0 0 24 3 1 #" "
0 0 14 3 3 #"..."
0 0 24 3 2 #"}]"
0 0 24 29 1 #"\n"
0 0 14 3 4 #"with"
0 0 24 3 1 #" "
0 0 14 3 5 #"Outer"
0 0 24 3 1 #" "
0 0 14 3 1 #":"
0 0 24 3 1 #" "
0 0 14 3 3 #"ECR"
0 0 24 3 1 #"["
0 0 14 3 1 #"G"
0 0 24 3 2 #"]["
0 0 14 3 1 #"G"
0 0 21 3 1 #"'"
0 0 24 3 2 #"]["
0 0 14 3 8 #"Outer.Go"
0 0 24 3 1 #" "
0 0 14 3 1 #"="
0 0 24 3 2 #" {"
0 0 14 3 22 #"Outer.outer-id:Outer.a"
0 0 28 3 1 #","
0 0 14 3 3 #"..."
0 0 24 3 3 #"}] "
0 0 14 3 3 #"and"
0 0 24 3 1 #" "
0 0 14 3 2 #"so"
0 0 24 3 1 #" "
0 0 14 3 2 #"on"
0 0 24 29 1 #"\n"
0 0 24 3 7 #"       "
0 0 14 3 1 #"="
0 0 24 3 2 #" ("
0 0 14 3 17 #"expand-for-clause"
0 0 24 3 1 #" "
0 0 14 3 11 #"this-syntax"
0 0 24 3 1 #" "
0 0 21 3 2 #"#'"
0 0 14 3 17 #"outer-bind-clause"
0 0 24 3 1 #")"
0 0 24 29 1 #"\n"
0 0 24 3 5 #"     "
0 0 14 3 5 #"Inner"
0 0 24 3 1 #" "
0 0 14 3 1 #":"
0 0 24 3 1 #" "
0 0 14 3 3 #"ECR"
0 0 24 3 1 #"["
0 0 14 3 1 #"G"
0 0 28 3 1 #","
0 0 14 3 1 #"G"
0 0 21 3 1 #"'"
0 0 24 3 3 #"][{"
0 0 14 3 4 #"id:t"
0 0 28 3 1 #","
0 0 24 3 1 #" "
0 0 14 3 3 #"..."
0 0 24 3 3 #"}] "
0 0 14 3 3 #"etc"
0 0 24 29 1 #"\n"
0 0 24 3 7 #"       "
0 0 14 3 1 #"="
0 0 24 3 2 #" ("
0 0 14 3 17 #"expand-for-clause"
0 0 24 3 1 #" "
0 0 14 3 11 #"this-syntax"
0 0 24 3 1 #" "
0 0 21 3 2 #"#'"
0 0 24 3 2 #"[("
0 0 14 3 2 #"id"
0 0 24 3 1 #" "
0 0 14 3 3 #"..."
0 0 24 3 2 #") "
0 0 14 3 8 #"seq-expr"
0 0 24 3 2 #"])"
0 0 24 29 1 #"\n"
0 0 14 3 1 #"="
0 0 24 29 1 #"\n"
0 0 24 3 2 #"  "
0 0 17 3 59
#";; A result must contain at least the following components,"
0 0 24 29 1 #"\n"
0 0 24 3 2 #"  "
0 0 17 3 67
#";; and it may contain some additional components if they are needed"
0 0 24 29 1 #"\n"
0 0 24 3 2 #"  "
0 0 17 3 25 #";; for an implementation."
0 0 24 29 1 #"\n"
0 0 24 3 2 #"  "
0 0 17 3 70
(
 #";; In the following, the symbol _ is a placeholder for some expressi"
 #"on"
) 0 0 24 29 1 #"\n"
0 0 24 3 2 #"  "
0 0 17 3 56 #";; that should be filled in in an actual implementation."
0 0 24 29 1 #"\n"
0 0 24 3 4 #"  [("
0 0 14 3 2 #"id"
0 0 24 3 1 #" "
0 0 14 3 3 #"..."
0 0 24 3 1 #")"
0 0 24 29 1 #"\n"
0 0 24 3 4 #"   ("
0 0 14 3 6 #":do-in"
0 0 24 29 1 #"\n"
0 0 24 3 4 #"    "
0 0 17 3 28 #";; outer bindings : Outer.Go"
0 0 24 29 1 #"\n"
0 0 24 3 7 #"    ([("
0 0 14 3 14 #"Outer.outer-id"
0 0 24 3 2 #") "
0 0 14 3 15 #"Outer.outer-rhs"
0 0 24 3 1 #"]"
0 0 24 29 1 #"\n"
0 0 24 3 5 #"     "
0 0 17 3 2 #"#;"
0 0 24 3 2 #"[("
0 0 14 3 13 #"process-outer"
0 0 24 3 1 #")"
0 0 24 29 1 #"\n"
0 0 24 3 7 #"      ("
0 0 15 3 6 #"lambda"
0 0 24 3 2 #" ("
0 0 14 3 14 #"Outer.outer-id"
0 0 24 3 1 #" "
0 0 14 3 13 #"Outer.loop-id"
0 0 24 3 1 #" "
0 0 14 3 5 #"loop*"
0 0 24 3 1 #")"
0 0 24 29 1 #"\n"
0 0 24 3 9 #"        ("
0 0 15 3 3 #"let"
0 0 24 3 3 #" (["
0 0 14 3 14 #"Outer.inner-id"
0 0 24 3 1 #" "
0 0 14 3 15 #"Outer.inner-rhs"
0 0 24 3 2 #"] "
0 0 14 3 3 #"..."
0 0 24 3 1 #")"
0 0 24 29 1 #"\n"
0 0 24 3 11 #"          ("
0 0 14 3 2 #"if"
0 0 24 3 1 #" "
0 0 14 3 15 #"Outer.pre-guard"
0 0 24 29 1 #"\n"
0 0 24 3 14 #"              "
0 0 17 3 9 #";; Case 2"
0 0 24 29 1 #"\n"
0 0 24 3 15 #"              ("
0 0 14 3 5 #"loop*"
0 0 24 3 1 #" "
0 0 14 3 14 #"Inner.outer-id"
0 0 24 3 1 #" "
0 0 14 3 14 #"Outer.loop-arg"
0 0 24 3 1 #" "
0 0 14 3 15 #"Inner.loop-expr"
0 0 24 3 1 #" "
0 0 14 3 20 #"outer-bind-clause.id"
0 0 24 3 1 #" "
0 0 21 3 2 #"#t"
0 0 24 3 1 #")"
0 0 24 29 1 #"\n"
0 0 24 3 14 #"              "
0 0 17 3 9 #";; Case 3"
0 0 24 29 1 #"\n"
0 0 24 3 15 #"              ("
0 0 14 3 6 #"values"
0 0 24 3 1 #" "
0 0 21 3 2 #"#f"
0 0 24 3 1 #" "
0 0 14 3 3 #"..."
0 0 24 3 1 #" "
0 0 21 3 2 #"#f"
0 0 24 3 1 #" "
0 0 21 3 2 #"#f"
0 0 24 3 1 #" "
0 0 21 3 2 #"#f"
0 0 24 3 1 #" "
0 0 21 3 2 #"#f"
0 0 24 3 1 #" "
0 0 21 3 2 #"#f"
0 0 24 3 1 #" "
0 0 21 3 2 #"#f"
0 0 24 3 6 #"))))])"
0 0 24 29 1 #"\n"
0 0 24 3 4 #"    "
0 0 17 3 91
(
 #";; loop bindings : Outer.Gl \342\210\252 Inner.Gl \342\210\252 Inner"
 #".Go \342\210\252 {inner-is-initialized? : Boolean}"
) 0 0 24 29 1 #"\n"
0 0 24 3 6 #"    (["
0 0 14 3 13 #"Outer.loop-id"
0 0 24 3 1 #" "
0 0 14 3 15 #"Outer.loop-expr"
0 0 24 3 1 #"]"
0 0 24 29 1 #"\n"
0 0 24 3 6 #"     ["
0 0 14 3 13 #"Inner.loop-id"
0 0 24 3 1 #" "
0 0 14 3 13 #"uninitialized"
0 0 24 3 1 #"]"
0 0 24 29 1 #"\n"
0 0 24 3 6 #"     ["
0 0 14 3 14 #"Inner.outer-id"
0 0 24 3 1 #" "
0 0 14 3 13 #"uninitialized"
0 0 24 3 1 #"]"
0 0 24 29 1 #"\n"
0 0 24 3 6 #"     ["
0 0 14 3 21 #"inner-is-initialized?"
0 0 24 3 1 #" "
0 0 21 3 2 #"#f"
0 0 24 3 1 #"]"
0 0 24 29 1 #"\n"
0 0 24 3 6 #"     ["
0 0 14 3 17 #"Outer.post-guard*"
0 0 24 3 1 #" "
0 0 21 3 2 #"#t"
0 0 24 3 1 #"]"
0 0 24 29 1 #"\n"
0 0 24 3 6 #"     ["
0 0 14 3 17 #"Inner.post-guard*"
0 0 24 3 1 #" "
0 0 21 3 2 #"#t"
0 0 24 3 2 #"])"
0 0 24 29 1 #"\n"
0 0 24 3 4 #"    "
0 0 17 3 12 #";; pos check"
0 0 24 29 1 #"\n"
0 0 24 3 4 #"    "
0 0 21 3 2 #"#t"
0 0 24 29 1 #"\n"
0 0 24 3 4 #"    "
0 0 17 3 105
(
 #";; inner bindings : Inner.Gi \342\210\252 Inner.Gl \342\210\252 Inne"
 #"r.Go \342\210\252 Outer.Gl \342\210\252 {inner-is-initialized? : Boo"
 #"lean}"
) 0 0 24 29 1 #"\n"
0 0 24 3 7 #"    ([("
0 0 14 3 2 #"id"
0 0 24 3 1 #" "
0 0 14 3 3 #"..."
0 0 24 3 1 #" "
0 0 14 3 13 #"Outer.loop-id"
0 0 24 3 1 #" "
0 0 14 3 14 #"Outer.inner-id"
0 0 24 3 1 #" "
0 0 14 3 14 #"Inner.outer-id"
0 0 24 3 1 #" "
0 0 14 3 13 #"Inner.loop-id"
0 0 24 29 1 #"\n"
0 0 24 3 7 #"       "
0 0 14 3 17 #"Outer.post-guard*"
0 0 24 3 1 #" "
0 0 14 3 17 #"Inner.post-guard*"
0 0 24 29 1 #"\n"
0 0 24 3 7 #"       "
0 0 14 3 21 #"inner-is-initialized?"
0 0 24 3 1 #" "
0 0 14 3 13 #"next-is-found"
0 0 24 3 1 #")"
0 0 24 29 1 #"\n"
0 0 24 29 1 #"\n"
0 0 24 3 7 #"      ("
0 0 15 3 3 #"let"
0 0 24 3 3 #" ()"
0 0 24 29 1 #"\n"
0 0 24 3 9 #"        ("
0 0 15 3 6 #"define"
0 0 24 3 2 #" ("
0 0 14 3 15 #"loop-with-inner"
0 0 24 3 1 #" "
0 0 14 3 13 #"Outer.loop-id"
0 0 24 3 1 #" "
0 0 14 3 14 #"Outer.inner-id"
0 0 24 29 1 #"\n"
0 0 24 3 33 #"                                 "
0 0 14 3 14 #"Inner.outer-id"
0 0 24 3 1 #" "
0 0 14 3 13 #"Inner.loop-id"
0 0 24 29 1 #"\n"
0 0 24 3 33 #"                                 "
0 0 14 3 17 #"Outer.post-guard*"
0 0 24 3 1 #" "
0 0 14 3 17 #"Inner.post-guard*"
0 0 24 3 1 #")"
0 0 24 29 1 #"\n"
0 0 24 3 11 #"          ("
0 0 15 3 4 #"cond"
0 0 24 29 1 #"\n"
0 0 24 3 13 #"            ["
0 0 14 3 15 #"Inner.pos-guard"
0 0 24 29 1 #"\n"
0 0 24 3 14 #"             ("
0 0 15 3 10 #"let-values"
0 0 24 3 4 #" ([("
0 0 14 3 15 #"Inner.inner-id*"
0 0 24 3 2 #") "
0 0 14 3 15 #"Inner.inner-rhs"
0 0 24 3 2 #"] "
0 0 14 3 3 #"..."
0 0 24 29 1 #"\n"
0 0 24 3 28 #"                          [("
0 0 14 3 17 #"Inner.pre-guard**"
0 0 24 3 1 #")"
0 0 24 29 1 #"\n"
0 0 24 3 28 #"                           ("
0 0 15 3 6 #"lambda"
0 0 24 3 2 #" ("
0 0 14 3 14 #"Inner.inner-id"
0 0 24 3 2 #") "
0 0 14 3 15 #"Inner.pre-guard"
0 0 24 3 2 #")]"
0 0 24 29 1 #"\n"
0 0 24 3 28 #"                          [("
0 0 14 3 18 #"Inner.post-guard**"
0 0 24 3 1 #")"
0 0 24 29 1 #"\n"
0 0 24 3 28 #"                           ("
0 0 15 3 6 #"lambda"
0 0 24 3 2 #" ("
0 0 14 3 14 #"Inner.inner-id"
0 0 24 3 2 #") "
0 0 14 3 16 #"Inner.post-guard"
0 0 24 3 2 #")]"
0 0 24 29 1 #"\n"
0 0 24 3 28 #"                          [("
0 0 14 3 15 #"Inner.loop-arg*"
0 0 24 3 1 #")"
0 0 24 29 1 #"\n"
0 0 24 3 28 #"                           ("
0 0 15 3 6 #"lambda"
0 0 24 3 2 #" ("
0 0 14 3 14 #"Inner.inner-id"
0 0 24 3 2 #") "
0 0 14 3 14 #"Inner.loop-arg"
0 0 24 3 2 #")]"
0 0 24 29 1 #"\n"
0 0 24 3 28 #"                          [("
0 0 14 3 3 #"id*"
0 0 24 3 1 #" "
0 0 14 3 3 #"..."
0 0 24 3 1 #")"
0 0 24 29 1 #"\n"
0 0 24 3 28 #"                           ("
0 0 15 3 6 #"lambda"
0 0 24 3 2 #" ("
0 0 14 3 14 #"Inner.inner-id"
0 0 24 3 3 #") ("
0 0 14 3 6 #"values"
0 0 24 3 1 #" "
0 0 14 3 2 #"id"
0 0 24 3 1 #" "
0 0 14 3 3 #"..."
0 0 24 3 5 #"))]) "
0 0 17 3 39 #"; Inner.inner-id shadows Outer.inner-id"
0 0 24 29 1 #"\n"
0 0 24 3 16 #"               ("
0 0 14 3 2 #"if"
0 0 24 3 2 #" ("
0 0 14 3 3 #"and"
0 0 24 3 2 #" ("
0 0 14 3 17 #"Inner.pre-guard**"
0 0 24 3 1 #" "
0 0 14 3 15 #"Inner.inner-id*"
0 0 24 3 1 #")"
0 0 24 29 1 #"\n"
0 0 24 3 24 #"                        "
0 0 14 3 17 #"Inner.post-guard*"
0 0 24 3 1 #")"
0 0 24 29 1 #"\n"
0 0 24 3 19 #"                   "
0 0 17 3 9 #";; Case 1"
0 0 24 29 1 #"\n"
0 0 24 3 20 #"                   ("
0 0 14 3 6 #"values"
0 0 24 3 2 #" ("
0 0 14 3 3 #"id*"
0 0 24 3 1 #" "
0 0 14 3 15 #"Inner.inner-id*"
0 0 24 3 2 #") "
0 0 14 3 3 #"..."
0 0 24 3 1 #" "
0 0 14 3 13 #"Outer.loop-id"
0 0 24 3 1 #" "
0 0 14 3 14 #"Outer.inner-id"
0 0 24 3 1 #" "
0 0 14 3 14 #"Inner.outer-id"
0 0 24 29 1 #"\n"
0 0 24 3 28 #"                           ("
0 0 14 3 15 #"Inner.loop-arg*"
0 0 24 3 1 #" "
0 0 14 3 15 #"Inner.inner-id*"
0 0 24 3 1 #")"
0 0 24 29 1 #"\n"
0 0 24 3 27 #"                           "
0 0 14 3 17 #"Outer.post-guard*"
0 0 24 3 2 #" ("
0 0 14 3 18 #"Inner.post-guard**"
0 0 24 3 1 #" "
0 0 14 3 15 #"Inner.inner-id*"
0 0 24 3 1 #")"
0 0 24 29 1 #"\n"
0 0 24 3 27 #"                           "
0 0 21 3 2 #"#t"
0 0 24 3 1 #" "
0 0 21 3 2 #"#t"
0 0 24 3 1 #")"
0 0 24 29 1 #"\n"
0 0 24 3 20 #"                   ("
0 0 14 3 18 #"loop-without-inner"
0 0 24 3 1 #" "
0 0 14 3 13 #"Outer.loop-id"
0 0 24 3 1 #" "
0 0 14 3 17 #"Outer.post-guard*"
0 0 24 3 4 #")))]"
0 0 24 29 1 #"\n"
0 0 24 3 13 #"            ["
0 0 14 3 4 #"else"
0 0 24 29 1 #"\n"
0 0 24 3 14 #"             ("
0 0 14 3 18 #"loop-without-inner"
0 0 24 3 1 #" "
0 0 14 3 13 #"Outer.loop-id"
0 0 24 3 1 #" "
0 0 14 3 17 #"Outer.post-guard*"
0 0 24 3 4 #")]))"
0 0 24 29 1 #"\n"
0 0 24 3 9 #"        ("
0 0 15 3 6 #"define"
0 0 24 3 2 #" ("
0 0 14 3 18 #"loop-without-inner"
0 0 24 3 1 #" "
0 0 14 3 13 #"Outer.loop-id"
0 0 24 3 1 #" "
0 0 14 3 17 #"Outer.post-guard*"
0 0 24 3 1 #")"
0 0 24 29 1 #"\n"
0 0 24 3 11 #"          ("
0 0 15 3 4 #"cond"
0 0 24 29 1 #"\n"
0 0 24 3 13 #"            ["
0 0 14 3 15 #"Outer.pos-guard"
0 0 24 29 1 #"\n"
0 0 24 3 14 #"             ("
0 0 15 3 3 #"let"
0 0 24 3 3 #" (["
0 0 14 3 14 #"Outer.inner-id"
0 0 24 3 1 #" "
0 0 14 3 15 #"Outer.inner-rhs"
0 0 24 3 2 #"] "
0 0 14 3 3 #"..."
0 0 24 3 1 #")"
0 0 24 29 1 #"\n"
0 0 24 3 16 #"               ("
0 0 14 3 2 #"if"
0 0 24 3 2 #" ("
0 0 14 3 3 #"and"
0 0 24 3 1 #" "
0 0 14 3 15 #"Outer.pre-guard"
0 0 24 29 1 #"\n"
0 0 24 3 24 #"                        "
0 0 14 3 17 #"Outer.post-guard*"
0 0 24 3 1 #")"
0 0 24 29 1 #"\n"
0 0 24 3 19 #"                   "
0 0 17 3 9 #";; Case 2"
0 0 24 29 1 #"\n"
0 0 24 3 20 #"                   ("
0 0 15 3 4 #"let*"
0 0 24 3 3 #" (["
0 0 14 3 15 #"Outer.loop-arg*"
0 0 24 3 1 #" "
0 0 14 3 14 #"Outer.loop-arg"
0 0 24 3 1 #"]"
0 0 24 29 1 #"\n"
0 0 24 3 27 #"                          ["
0 0 14 3 14 #"Inner.outer-id"
0 0 24 3 1 #" "
0 0 14 3 15 #"Inner.outer-rhs"
0 0 24 3 1 #"]"
0 0 24 29 1 #"\n"
0 0 24 3 27 #"                          ["
0 0 14 3 13 #"Inner.loop-id"
0 0 24 3 1 #" "
0 0 14 3 15 #"Inner.loop-expr"
0 0 24 3 23 #"])                     "
0 0 24 29 1 #"\n"
0 0 24 3 22 #"                     ("
0 0 14 3 15 #"loop-with-inner"
0 0 24 3 1 #" "
0 0 14 3 15 #"Outer.loop-arg*"
0 0 24 3 1 #" "
0 0 14 3 14 #"Outer.inner-id"
0 0 24 3 1 #" "
0 0 17 3 38 #"; Outer.loop-arg is in the wrong scope"
0 0 24 29 1 #"\n"
0 0 24 3 38 #"                                      "
0 0 14 3 14 #"Inner.outer-id"
0 0 24 3 1 #" "
0 0 14 3 13 #"Inner.loop-id"
0 0 24 29 1 #"\n"
0 0 24 3 38 #"                                      "
0 0 14 3 16 #"Outer.post-guard"
0 0 24 3 1 #" "
0 0 21 3 2 #"#t"
0 0 24 3 2 #"))"
0 0 24 29 1 #"\n"
0 0 24 3 20 #"                   ("
0 0 14 3 13 #"outer-is-done"
0 0 24 3 4 #")))]"
0 0 24 29 1 #"\n"
0 0 24 3 13 #"            ["
0 0 14 3 4 #"else"
0 0 24 29 1 #"\n"
0 0 24 3 14 #"             ("
0 0 14 3 13 #"outer-is-done"
0 0 24 3 4 #")]))"
0 0 24 29 1 #"\n"
0 0 24 3 9 #"        ("
0 0 15 3 6 #"define"
0 0 24 3 2 #" ("
0 0 14 3 13 #"outer-is-done"
0 0 24 3 1 #")"
0 0 24 29 1 #"\n"
0 0 24 3 10 #"          "
0 0 17 3 9 #";; Case 3"
0 0 24 29 1 #"\n"
0 0 24 3 11 #"          ("
0 0 14 3 6 #"values"
0 0 24 3 1 #" "
0 0 21 3 2 #"#f"
0 0 24 3 1 #" "
0 0 14 3 3 #"..."
0 0 24 3 1 #" "
0 0 21 3 2 #"#f"
0 0 24 3 1 #" "
0 0 21 3 2 #"#f"
0 0 24 3 1 #" "
0 0 21 3 2 #"#f"
0 0 24 3 1 #" "
0 0 21 3 2 #"#f"
0 0 24 3 1 #" "
0 0 21 3 2 #"#f"
0 0 24 3 1 #" "
0 0 21 3 2 #"#f"
0 0 24 3 1 #" "
0 0 21 3 2 #"#f"
0 0 24 3 1 #" "
0 0 21 3 2 #"#f"
0 0 24 3 2 #"))"
0 0 24 29 1 #"\n"
0 0 24 3 9 #"        ("
0 0 15 3 4 #"cond"
0 0 24 29 1 #"\n"
0 0 24 3 11 #"          ["
0 0 14 3 21 #"inner-is-initialized?"
0 0 24 29 1 #"\n"
0 0 24 3 12 #"           ("
0 0 14 3 15 #"loop-with-inner"
0 0 24 3 1 #" "
0 0 14 3 13 #"Outer.loop-id"
0 0 24 3 1 #" "
0 0 14 3 14 #"Outer.inner-id"
0 0 24 29 1 #"\n"
0 0 24 3 28 #"                            "
0 0 14 3 14 #"Inner.outer-id"
0 0 24 3 1 #" "
0 0 14 3 13 #"Inner.loop-id"
0 0 24 29 1 #"\n"
0 0 24 3 28 #"                            "
0 0 14 3 17 #"Outer.post-guard*"
0 0 24 3 1 #" "
0 0 14 3 17 #"Inner.post-guard*"
0 0 24 3 2 #")]"
0 0 24 29 1 #"\n"
0 0 24 3 11 #"          ["
0 0 14 3 4 #"else"
0 0 24 29 1 #"\n"
0 0 24 3 12 #"           ("
0 0 14 3 18 #"loop-without-inner"
0 0 24 3 1 #" "
0 0 14 3 13 #"Outer.loop-id"
0 0 24 3 1 #" "
0 0 14 3 17 #"Outer.post-guard*"
0 0 24 3 3 #")])"
0 0 24 29 1 #"\n"
0 0 24 3 11 #"        )])"
0 0 24 29 1 #"\n"
0 0 24 3 4 #"    "
0 0 17 3 12 #";; pre guard"
0 0 24 29 1 #"\n"
0 0 24 3 4 #"    "
0 0 14 3 13 #"next-is-found"
0 0 24 29 1 #"\n"
0 0 24 3 4 #"    "
0 0 17 3 13 #";; post guard"
0 0 24 29 1 #"\n"
0 0 24 3 4 #"    "
0 0 14 3 13 #"next-is-found"
0 0 24 29 1 #"\n"
0 0 24 3 4 #"    "
0 0 17 3 12 #";; loop args"
0 0 24 29 1 #"\n"
0 0 24 3 5 #"    ("
0 0 14 3 13 #"Outer.loop-id"
0 0 24 29 1 #"\n"
0 0 24 3 5 #"     "
0 0 14 3 13 #"Inner.loop-id"
0 0 24 29 1 #"\n"
0 0 24 3 5 #"     "
0 0 14 3 14 #"Inner.outer-id"
0 0 24 29 1 #"\n"
0 0 24 3 5 #"     "
0 0 14 3 21 #"inner-is-initialized?"
0 0 24 29 1 #"\n"
0 0 24 3 5 #"     "
0 0 14 3 17 #"Outer.post-guard*"
0 0 24 29 1 #"\n"
0 0 24 3 5 #"     "
0 0 14 3 17 #"Inner.post-guard*"
0 0 24 3 3 #"))]"
0           0
